0.0,27.0,43.70676828018053,28.02821510429779,0.0,-9.871108052735849,-9.871108052735849,-9.871108052735849,-9.871108052735849,-9.871108052735849,-9.871108052735849,-9.871108052735849,-46.0
0.04667059401203999,26.875,43.706768280180526,25.308082289168073,0.0,-10.034422203866598,-10.03043184830375,-9.873879154079173,-9.97611719140603,-9.976607929724493,-9.960494950893388,-9.95957343596711,-46.0
0.10027480724002825,26.75,43.70897256808302,22.188764952564313,0.0,-10.008512533962971,-10.190331808593953,-9.876787869456123,-10.119577218300096,-10.120533253395932,-10.096945739614606,-10.095412400132089,-46.0
0.1536771898534371,26.625,43.66346564116087,19.134992976302975,0.0,-9.982586297890577,-10.35012493878736,-9.880743951441438,-10.27246491378129,-10.273616359615792,-10.246934281965707,-10.244922698274623,-46.0
0.20594425586733722,26.5,43.61367657332412,16.157157905860604,0.0,-9.981130434406055,-10.509581320135055,-9.886396507744129,-10.428165800788474,-10.429461167491707,-10.40119108448538,-10.39866384669162,-46.0
0.25713743494919755,26.375,43.56517909430212,13.245901049116965,0.0,-10.002619137783881,-10.668664662713127,-9.894403099915804,-10.584886702998721,-10.58622524662906,-10.556958685956698,-10.553901452290585,-46.0
0.3074120592052337,26.25,43.517656838356814,10.392418602631587,0.0,-10.043051091025006,-10.827196944384866,-9.905224372194253,-10.741692968382152,-10.74312011263994,-10.713152068206105,-10.709572825859386,-46.0
0.3568906417155177,26.125,43.47024182229299,7.59039490769448,0.0,-10.099122949586103,-10.98476400655585,-9.91970108259346,-10.898024747008792,-10.899550464393503,-10.869073361785613,-10.864988305562637,-46.0
0.40566420438725354,26.0,43.42220188978841,4.83532143854298,0.0,-10.168361289328516,-11.14042943514886,-9.939182108568579,-11.053006214239629,-11.05466158123285,-11.023886262992368,-11.019303467928644,-46.0
0.4538018811112868,25.875,43.37298817687456,2.12398919869491,0.0,-10.24884150166099,-11.291653832382224,-9.965917815056548,-11.204753564749252,-11.206538962055793,-11.175830477818476,-11.170715361482436,-46.0
0.49348964440067966,25.75,43.279770071753944,0.0,0.0,-10.339000743605197,-11.426545973674934,-10.004889286140628,-11.166820791880989,-11.16723541232495,-11.164764979507199,-11.292629884168713,-46.0
0.5016313426367994,25.625,43.023582169976315,0.04561679419623951,0.0,-10.45849260176368,-10.504608913987852,-10.077592339753917,-11.03289270658324,-11.161061332418237,-11.161788082943698,-11.250062946621009,-46.0
0.5093426247428671,25.5,42.79067048064319,0.0726509028854105,0.0,-10.672874556056456,-10.64716041884543,-10.074712915002506,-10.994561946000767,-11.159132380311762,-11.16032323116173,-11.2197718058723,-46.0
0.5171274538291564,25.375,42.578358369232056,0.07686650630070994,0.0,-10.887414611946554,-10.820591388919695,-10.077745566117674,-10.999325712110885,-11.158584132005673,-11.159482710288454,-11.20146929774951,-46.0
0.5249853339705668,25.25,42.36582943820965,0.07954839532046702,0.0,-11.100537503982252,-11.004931142513271,-10.082144119175021,-11.028656909672113,-11.159093756033393,-11.159348776938659,-11.194946423895448,-46.0
0.5329102503780466,25.125,42.15273097777305,0.08144809573456417,0.0,-11.312261592717618,-11.196907825662493,-10.087671334244408,-11.104560797244131,-11.160566967606373,-11.159235350930057,-11.199816755126774,-46.0
0.5408991950446697,25.0,41.93904598208048,0.08282820755774584,0.0,-11.522604270457236,-11.39395650677028,-10.094622059250272,-11.214800008494501,-11.22889504913085,-11.177976220382174,-11.215625576771101,-46.0
0.5489493735438001,24.875,41.72479826941674,0.08386098638605474,0.0,-11.731601753774214,-11.594490785867663,-10.10260961499923,-11.346591905851453,-11.355491793893387,-11.266183895044902,-11.241884562574118,-46.0
0.5570587738113586,24.75,41.510005019023545,0.0846698513505174,0.0,-11.93929156182196,-11.797445595272734,-10.111940619618759,-11.494411621030325,-11.502629418919447,-11.381749003578758,-11.278077984286636,-46.0
0.565226210213255,24.625,41.29468196518193,0.08533327422498749,0.0,-12.145705899120742,-12.002014306199328,-10.122498507375772,-11.654384492281332,-11.664673593061663,-11.518479479097266,-11.323685453957061,-46.0
0.5734508374451062,24.5,41.078850913714355,0.08589979030502108,0.0,-12.35088180330996,-12.207557523695812,-10.134480974089417,-11.824738846559772,-11.837784953553214,-11.67158174226296,-11.37819229446348,-46.0
0.5817320112334693,24.375,40.86253627770725,0.08639952990757355,0.0,-12.554861532542816,-12.413590068603867,-10.147517760310105,-12.000900092251952,-12.019145123282664,-11.837261770025636,-11.441096390824532,-46.0
0.5900693042174947,24.25,40.645762657104676,0.08685029250366087,0.0,-12.757690312360126,-12.61972002391883,-10.162051140090801,-12.184522367360085,-12.206771949092804,-12.008486210725803,-11.511912310410919,-46.0
0.598462494992851,24.125,40.42855252911522,0.08726371889807179,0.0,-12.959410228490128,-12.8256736223463,-10.177625545385897,-12.37042217648035,-12.398998220195885,-12.19532369389622,-11.590172838668373,-46.0
0.6069109291362298,24.0,40.21094354907606,0.08764416451784308,0.0,-13.16008637123457,-13.031217111040405,-10.194746607419594,-12.561974153433633,-12.594789635646755,-12.384325327451716,-11.675426513350576,-46.0
0.6154144821394945,23.875,39.992955127094746,0.08799959527128076,0.0,-13.359767997121764,-13.236220203402468,-10.212887171418979,-12.753332042933016,-12.792919269498277,-12.577425212481506,-11.767245276016736,-46.0
0.6239728637088514,23.75,39.774619193070876,0.08832877907655713,0.0,-13.558514793719098,-13.440554097856705,-10.232570635206999,-12.948231848427524,-12.992957052077283,-12.77353263330707,-11.865219174963375,-46.0
0.6325857679034107,23.625,39.55596427962721,0.08863433390229684,0.0,-13.7563876826747,-13.64416733522745,-10.25332563398045,-13.14312339984107,-13.194083430929169,-12.972377921171468,-11.968956941287049,-46.0
0.6412529356971027,23.5,39.33701948451558,0.08891634968916584,0.0,-13.953450542429266,-13.847013147829102,-10.275634661041005,-13.340308509195541,-13.39599531298352,-13.172955198161961,-12.078087850541458,-46.0
0.649974154883132,23.375,39.117812193738416,0.08917586655994446,0.0,-14.149765664440963,-14.049090622961103,-10.299248665451332,-13.537755652554655,-13.598198488616724,-13.374628009766282,-12.192260166233119,-46.0
0.6587489154290298,23.25,38.89837790590215,0.08941243774089543,0.0,-14.345408143059217,-14.250403598653065,-10.324231638491392,-13.736708755809115,-13.800511226468801,-13.576998969422538,-12.311138564640245,-46.0
0.6675772211674156,23.125,38.67873625140293,0.08962877590038637,0.0,-14.540437445223233,-14.450984066015906,-10.350134742026285,-13.93195011093267,-14.002658090742782,-13.779687063161496,-12.434412293479738,-46.0
0.6764585043855011,23.0,38.45892724389892,0.08982066760103175,0.0,-14.734934257095688,-14.650836622819895,-10.377683243548528,-14.129900418555021,-14.204803326255751,-13.982616077305472,-12.56178265106489,-46.0
0.6853927525220974,22.875,38.23896840046316,0.08999326861295527,0.0,-14.928959587763302,-14.850031753982307,-10.406536558248916,-14.327459834588197,-14.406497732683011,-14.185412227303987,-12.692974596041212,-46.0
0.6943796200230092,22.75,38.01889268981722,0.09014413237906593,0.0,-15.12258554991729,-15.048616577140876,-10.436694083212801,-14.524738527540345,-14.607806194145537,-14.387997342230076,-12.827726288072387,-46.0
0.7034187672459516,22.625,37.79872783559717,0.09027503231231068,0.0,-15.315885941329668,-15.246648068314641,-10.468153900051355,-14.721720180724782,-14.808701351544553,-14.590281653346313,-12.965793684670366,-46.0
0.712510121955847,22.5,37.57849538591055,0.09038727909211232,0.0,-15.508925617545515,-15.444187682020072,-10.500914369127372,-14.91840350225536,-15.009177541093605,-14.792213671493219,-13.106952445621634,-46.0
0.7216534100580001,22.375,37.35822365194905,0.09048015062950451,0.0,-15.701774832910758,-15.641296877947354,-10.534972974335325,-15.114796799041178,-15.209241785643048,-14.99376452304143,-13.25099067978923,-46.0
0.7308487301911033,22.25,37.13792948504442,0.09055535758979602,0.0,-15.894491947064068,-15.838041812260144,-10.570328157461562,-15.310925015470575,-15.408919914762475,-15.194933072655099,-13.397716248848722,-46.0
0.7400958493442193,22.125,36.9176406624081,0.09061153605294509,0.0,-16.087144280510415,-16.034485390353836,-10.606977158464842,-15.50681625072291,-15.608242132504463,-15.39572801685182,-13.546945899624369,-46.0
0.7493946868016933,22.0,36.69737685679913,0.09065101542392738,0.0,-16.279795181499082,-16.230694289663802,-10.644917648736042,-15.70250936416782,-15.80725042477984,-15.59617465823192,-13.69851284242142,-46.0
0.7587451079165196,21.875,36.47716019003754,0.09067448660943592,0.0,-16.472508489960887,-16.426733951976814,-10.68414705331686,-15.898047427460597,-16.00599170594823,-15.796307285504215,-13.852262507374514,-46.0
0.7681472230664775,21.75,36.25700595877325,0.09068346813038805,0.0,-16.665339272814265,-16.62267026328766,-10.724663614752595,-16.093480198520357,-16.204520192797776,-15.99617166159048,-14.008055885410993,-46.0
0.7776010693063077,21.625,36.03693298714674,0.09067765039948755,0.0,-16.858343086522893,-16.81856585451976,-10.766465272287384,-16.288857661348338,-16.40289061487561,-16.195816749042272,-14.165763604033152,-46.0
0.7871067255946718,21.5,35.816957418594406,0.09065805167027274,0.0,-17.05157367125372,-17.014482430132773,-10.809550123826535,-16.48423192407992,-16.601159977059723,-16.395295777724403,-14.325267639571468,-46.0
0.796664304781514,21.375,35.597094504341975,0.09062550180876025,0.0,-17.24508261312772,-17.210479926548857,-10.853916409454431,-16.679655925897638,-16.799386186163776,-16.594664593988192,-14.486460408622234,-46.0
0.8062740650182153,21.25,35.37735606945123,0.09058084332220169,0.0,-17.43891551896985,-17.40661636047585,-10.899562954173817,-16.875183695013007,-16.997628280895558,-16.793982033408042,-14.649245412002589,-46.0
0.8159360857403497,21.125,35.15775851683693,0.09052410766299472,0.0,-17.633122721220076,-17.602946530910657,-10.947116679082738,-17.075195148456395,-17.19594205842195,-16.993303989289757,-14.813532071547867,-46.0
0.825650549226521,21.0,34.938312082980644,0.09045915523414655,0.0,-17.827748164336924,-17.79955221251828,-10.995331271500344,-17.270820895615433,-17.394122707916477,-17.19252213754403,-14.979238704854287,-46.0
0.8354178991591384,20.875,34.719025644121494,0.09038391160260516,0.0,-18.0228317579612,-17.99645157731473,-11.044735161082663,-17.465084733654372,-17.59270722842053,-17.39196694914834,-15.146297962146607,-46.0
0.8452382882115153,20.75,34.499914127812296,0.09029739356550065,0.0,-18.21841965977538,-18.193681736491584,-11.095459785817459,-17.661043787662482,-17.791661329224095,-17.591676220312145,-15.314642909669617,-46.0
0.8551119709249924,20.625,34.28098572386427,0.09020301407040685,0.0,-18.414552694562985,-18.39130497412009,-11.147466586316655,-17.8575076246567,-17.990858378213186,-17.791607588976408,-15.484214096372508,-46.0
0.8650393267866122,20.5,34.06224782663253,0.09010172083494006,0.0,-18.611267153895938,-18.589370217336267,-11.20146087340631,-18.05910274463642,-18.190388388729502,-17.991826934383532,-15.65496067870107,-46.0
0.8750208407763045,20.375,33.843704803516644,0.08999597469024931,0.0,-18.808590914965635,-18.787951650280974,-11.255934158158242,-18.254307520067503,-18.390029357616434,-18.19220930958066,-15.826836584962583,-46.0
0.8850573032354162,20.25,33.62535965612654,0.08988158483384902,0.0,-19.006548656073335,-18.987040041982766,-11.311737265570688,-18.451723831335936,-18.590456323983823,-18.393169677450423,-15.999808549376562,-46.0
0.8951488720336954,20.125,33.40722642855521,0.08975871445043845,0.0,-19.205179756188812,-19.18668525481408,-11.368824634257795,-18.649877146723988,-18.791324793679415,-18.594560398612145,-16.173833474400258,-46.0
0.9052957607757322,20.0,33.18931269700675,0.08963102194590984,0.0,-19.40452615112764,-19.386928671062037,-11.42718981996287,-18.848713078376505,-18.992706582969053,-18.796432952512525,-16.348876991051704,-46.0
0.9154989214992664,19.875,32.971612415548684,0.08950046451311515,0.0,-19.60460129203551,-19.587810213412382,-11.487624289089446,-19.05319446844816,-19.194652043973125,-18.99883552067901,-16.524918984658356,-46.0
0.9257586895970414,19.75,32.75413668481281,0.08936617759720324,0.0,-19.805434257082652,-19.789391822988506,-11.548459738002869,-19.250994168151088,-19.396904225314405,-19.201615640475985,-16.70193007617296,-46.0
0.9360758959199684,19.625,32.53688424457629,0.08922695654218885,0.0,-20.00704786213751,-19.991659713990202,-11.610626812173821,-19.451378900659837,-19.600167797598004,-19.405203152255503,-16.879897118067376,-46.0
0.9464510883461691,19.5,32.319860865024836,0.08908265816973873,0.0,-20.209466722903443,-20.194652400266705,-11.674083422712146,-19.652693424138377,-19.80406251026764,-19.609429417046286,-17.058800133309774,-46.0
0.9568557535738156,19.375,32.10320111347602,0.08958354954088228,0.0,-20.412714151259564,-20.409015226040765,-11.741125421287329,-19.59408554319301,-19.797222693919387,-19.67814681390871,-17.237734398962985,-46.0
0.9673499267361533,19.25,31.886520365188396,0.08935071982257498,0.0,-20.617015487450203,-20.610724410236855,-11.804997960420524,-20.012636138684883,-20.17539776106849,-19.96709986209789,-17.418941641195335,-46.0
0.9779083649259638,19.125,31.67020006091181,0.08894325505421964,0.0,-20.821945541574564,-20.813684624930175,-11.87240838492304,-20.236811133764068,-20.396985063700136,-20.187726295326193,-17.601022669263653,-46.0
0.9885253969130854,19.0,31.454108174641505,0.08864980526188085,0.0,-21.027740145560045,-21.018320350358323,-11.940954809386069,-20.448834749028183,-20.611169609089313,-20.405434504068197,-17.783791765215028,-46.0
0.9992026347711611,18.875,31.238249629244095,0.08841592118966443,0.0,-21.23447468068497,-21.22426268819791,-12.011752607333088,-20.665074176085028,-20.823460495520692,-20.62114920948708,-17.96733880712023,-46.0
1.0099414298425706,18.75,31.02262853076814,0.0882147834153062,0.0,-21.442148949273587,-21.43145089962502,-12.082837391155216,-20.872493044983344,-21.034847455690837,-20.835350888870494,-18.15170094285067,-46.0
1.0207429806987312,18.625,30.807246663550604,0.08802787081457474,0.0,-21.650779600097707,-21.639748362359768,-12.155274516124347,-21.081875750420735,-21.246624987486673,-21.049083887697368,-18.33690788567459,-46.0
1.031608156095715,18.5,30.592105560146276,0.08784944357835058,0.0,-21.860384348598245,-21.84912824427832,-12.229978234318159,-21.297256998580014,-21.458635585798866,-21.26257608015471,-18.522970616849772,-46.0
1.0425380933615813,18.375,30.377198691544884,0.08767931796010887,0.0,-22.07096552917372,-22.059611065373844,-12.304917712538792,-21.50493790465094,-21.670801699618046,-21.475970728773337,-18.709898444033737,-46.0
1.0535337282793775,18.25,30.162530922464555,0.08750828806898077,0.0,-22.282547779794754,-22.271113974405438,-12.381223924305688,-21.71535330010769,-21.883997125715563,-21.68994057332229,-18.89770319843159,-46.0
1.0645960918992305,18.125,29.948098566711018,0.08733763801979899,0.0,-22.49514102818975,-22.483653309767078,-12.45884775560218,-21.926776548144517,-22.097880581408976,-21.90444412013883,-19.086389569532326,-46.0
1.0757258762544801,18.0,29.73390649563046,0.08716640150918878,0.0,-22.708772170229935,-22.69723524775833,-12.538806840991043,-22.144961672879823,-22.312572326955983,-22.119625851038684,-19.27595887784232,-46.0
1.086924139025523,17.875,29.519948476975852,0.08699909127984648,0.0,-22.92344807953316,-22.911915212044562,-12.618953484195767,-22.355528709260078,-22.527817566716976,-22.335375451299484,-19.466415553376912,-46.0
1.0981919534036024,17.75,29.306226868409812,0.08682869224787133,0.0,-23.139191070038777,-23.127629204283267,-12.700478021667948,-22.569328074265833,-22.744420808162467,-22.552218312364168,-19.657772737032484,-46.0
1.109530326865975,17.625,29.092739929876824,0.08665709641363999,0.0,-23.356014140936225,-23.34441013386723,-12.784403434363831,-22.79030730032269,-22.96195361088498,-22.769981510400775,-19.850034298247923,-46.0
1.1209401723436,17.5,28.87948663971893,0.08648805015797999,0.0,-23.573931163704827,-23.562323246581457,-12.868473275790349,-23.003703944527395,-23.180162637618256,-22.98850920661125,-20.04320152922481,-46.0
1.132422742145634,17.375,28.666465559875565,0.0863161202272853,0.0,-23.79296140377818,-23.781306985333515,-12.953940772539365,-23.220465112049993,-23.3998459435884,-23.208296055466292,-20.23729110114964,-46.0
1.1439791971278326,17.25,28.4536742544755,0.08614268003848868,0.0,-24.013112933746584,-24.00140003011012,-13.040754810157562,-23.438635704083477,-23.620557281297454,-23.42913861862462,-20.43230843732555,-46.0
1.155610514961789,17.125,28.24111414744253,0.08596803999209479,0.0,-24.234407346016468,-24.22262274718335,-13.13004161833358,-23.66422989722476,-23.842361976665458,-23.651075764078033,-20.628258792789786,-46.0
1.1673177961371002,17.0,28.02878153534446,0.08579680453496762,0.0,-24.456855154967542,-24.445044743558014,-13.219551811290716,-23.884565917980215,-24.064946522011937,-23.87390529752554,-20.825146532221154,-46.0
1.179102296486827,16.875,27.816676538097774,0.0856240160962399,0.0,-24.680478141714673,-24.668620893607567,-13.31029283203898,-24.1039552001791,-24.288973281314313,-24.098024629578003,-21.022987811225697,-46.0
1.1909652625160785,16.75,27.604798153815345,0.08544826459498284,0.0,-24.905293464915502,-24.89334702509052,-13.402449712088423,-24.326581526432474,-24.514334676827428,-24.3234291525143,-21.221793847000644,-46.0
1.2029080870081499,16.625,27.393141341813944,0.0852717258970752,0.0,-25.13130527178876,-25.119266807669646,-13.497168158136938,-24.5569694082791,-24.74081793247078,-24.550007331795534,-21.42157325320727,-46.0
1.214931536322097,16.5,27.181711440891927,0.08509775435831662,0.0,-25.358544391166447,-25.346453319438837,-13.591937582446644,-24.77935649049967,-24.968143223622107,-24.777556345720058,-21.622324880624195,-46.0
1.2270372277800419,16.375,26.970502577622803,0.08492186223081925,0.0,-25.58702885914292,-25.574837290195035,-13.688149213550568,-25.00545932536944,-25.19714123301812,-25.00658195173486,-21.824073527721243,-46.0
1.2392264410645204,16.25,26.759514793436214,0.08474455918762977,0.0,-25.816771304601502,-25.804463859639156,-13.786985541708233,-25.239570974639737,-25.427327340541606,-25.236847555248524,-22.026826227680065,-46.0
1.2515005651468574,16.125,26.548742854519308,0.08457090277633478,0.0,-26.047776339629337,-26.035414839344128,-13.885979156054265,-25.468289970983523,-25.658415261774394,-25.468150038289814,-22.23058929981057,-46.0
1.2638609570882184,16.0,26.338189060108657,0.08439522592698412,0.0,-26.280074644649886,-26.267638183746698,-13.986237691120547,-25.696097604899204,-25.891091698163937,-25.700896512646004,-22.435380706064006,-46.0
1.2763092247391508,15.875,26.127849408276333,0.0842165356848791,0.0,-26.513679032697894,-26.50112945514124,-14.087958344566655,-25.927428529912422,-26.12524262324004,-25.93507765647569,-22.641216238891875,-46.0
1.288846494242293,15.75,25.91772726054781,0.08403652825873574,0.0,-26.748619303927114,-26.735936413132492,-14.192388285554987,-26.16699579225614,-26.360637763306393,-26.170563094543354,-22.848100379078335,-46.0
1.3014742526242462,15.625,25.707816502723425,0.08386135495500473,0.0,-26.98490395597807,-26.972146672579072,-14.296800329153864,-26.398211743984646,-26.59699766763621,-26.407148035867966,-23.056041267305982,-46.0
1.3141942297148954,15.5,25.498117030302936,0.08368277178527478,0.0,-27.22255906314078,-27.20967867912367,-14.40270482155629,-26.63344830785606,-26.83518335415471,-26.6453600037838,-23.265065097777985,-46.0
1.3270080060674407,15.375,25.288626395016674,0.08350283360784434,0.0,-27.46159647815506,-27.44858332157918,-14.510046444528486,-26.87043431901953,-27.074686535663073,-26.88494826859226,-23.475181360852677,-46.0
1.33991716624631,15.25,25.079342970826573,0.08332221592210302,0.0,-27.702035990930995,-27.68888745571502,-14.620181905605804,-27.115863659832616,-27.31557860678542,-27.12594540599366,-23.686402460352816,-46.0
1.3529232443299415,15.125,24.870263940061445,0.08314583212323791,0.0,-27.94389084091958,-27.930679646149542,-14.730271304239261,-27.35261488470085,-27.557518327143065,-27.368119334382637,-23.89873483978347,-46.0
1.3660280351917509,15.0,24.661390086687014,0.08296567263130218,0.0,-28.187197369327436,-28.17387008769137,-14.841880710267123,-27.593625532825264,-27.801383565299385,-27.612014264785252,-24.11220603565274,-46.0
1.3792333399457897,14.875,24.45271762459233,0.08278437823896623,0.0,-28.43196537858958,-28.418516717011443,-14.954959516789893,-27.836454775424986,-28.046646127539077,-27.85736923874841,-24.326827045486542,-46.0
1.3925408061186668,14.75,24.24424701215185,0.08260190277792863,0.0,-28.678223383103102,-28.664642049384696,-15.07092567339182,-28.08797614582036,-28.29338005476367,-28.10421686912103,-24.54261087949794,-46.0
1.4059521313533287,14.625,24.035974689199737,0.0824241086982428,0.0,-28.92598589281809,-28.912344262131683,-15.186805998147664,-28.330660553693757,-28.541242164879773,-28.352322159128764,-24.759564778718516,-46.0
1.4194695026515813,14.5,23.827898687017093,0.08224229218526491,0.0,-29.175281371470163,-29.16152821954745,-15.304250692283025,-28.577701613296,-28.791127282558207,-28.602245318421687,-24.97772165396679,-46.0
1.4330946683223853,14.375,23.620019596745387,0.08205841750550699,0.0,-29.426134020096725,-29.412252855601196,-15.424665471259978,-28.83375513212573,-29.042497437700423,-28.853717723504392,-25.197090291282045,-46.0
1.446829460161648,14.25,23.41233333367092,0.0818793633154882,0.0,-29.678558984974558,-29.664626380093267,-15.545128753037742,-29.084010174883844,-29.295058184439863,-29.106520336775645,-25.417677583114127,-46.0
1.4606761464422695,14.125,23.204837823924123,0.081698439661334,0.0,-29.932584927836587,-29.918583815974927,-15.666966225678308,-29.33337300411895,-29.54955679628577,-29.36111018121384,-25.63951433932603,-46.0
1.4746367580999833,14.0,22.997534146043154,0.08151288281198607,0.0,-30.188244889661974,-30.174119502899032,-15.790401809531417,-29.586878891623925,-29.805867565388397,-29.61747655183288,-25.86261947093106,-46.0
1.488713369238973,13.875,22.790419405890642,0.0813262755992551,0.0,-30.445560358100863,-30.431299735370658,-15.916910656991801,-29.849643937496975,-30.063745495964678,-29.875478784373563,-26.087005161905836,-46.0
1.5029082133736902,13.75,22.583487786920784,0.08114482214633086,0.0,-30.7045359461178,-30.69023716918511,-16.043451182212554,-30.106527484362733,-30.32290639719024,-30.13490102796031,-26.312681146433782,-46.0
1.5172235025444378,13.625,22.376741941978928,0.08096095053482981,0.0,-30.965221710748636,-30.95086070708686,-16.17139677028244,-30.36258518811404,-30.58411036106477,-30.39621134721434,-26.53967728214387,-46.0
1.5316615666771427,13.5,22.170181002683066,0.08077250228562603,0.0,-31.22765308577806,-31.21316376490023,-16.300994622485103,-30.62288369879093,-30.847228937152313,-30.65940107227828,-26.768016613971902,-46.0
1.54622486626337,13.375,21.96380044877728,0.08058302098346581,0.0,-31.491843173283883,-31.47722260724288,-16.43377664196149,-30.892746960685752,-31.112025316377423,-30.92433569523302,-26.99771378933459,-46.0
1.5609157423535822,13.25,21.757596638427778,0.08039882831950111,0.0,-31.757805652279245,-31.743156746239436,-16.56657814018428,-31.156657699967656,-31.37821069493535,-31.190794774581917,-27.228777320614853,-46.0
1.5757368346632412,13.125,21.55156955935792,0.08021236421228173,0.0,-32.02558720502219,-32.010891340804335,-16.700840511733578,-31.419715455818306,-31.64656166828726,-31.45926272540268,-27.46124261017164,-46.0
1.59069074057168,13.0,21.3457192809565,0.08002068374767932,0.0,-32.295226998225246,-32.2804202124166,-16.83680493387164,-31.687306879249597,-31.91695208026227,-31.729735017742463,-27.695134364386178,-46.0
1.6057800778995481,12.875,21.140042777070953,0.07982765078807982,0.0,-32.5667490685758,-32.55182374834004,-16.97442125006043,-31.957144095909754,-32.18913177103134,-32.0020671286361,-27.930467155387387,-46.0
1.6210077573632695,12.75,20.93453566070792,0.07963396834779053,0.0,-32.840173895715765,-32.82514285791032,-17.11536169249461,-32.236793252978906,-32.4632087156588,-32.276313826386506,-28.167264101810815,-46.0
1.6363763519745163,12.625,20.729196302664636,0.07944591774495942,0.0,-33.11552688176246,-33.10050206529306,-17.25614273065522,-32.50689617433465,-32.73883505337244,-32.55223343669359,-28.40553355287813,-46.0
1.6518888987616263,12.5,20.5240262067504,0.07925213605535854,0.0,-33.39287615038134,-33.377774558527506,-17.398697235956586,-32.78219797637733,-33.016970405429845,-32.83044889846275,-28.64532224892237,-46.0
1.6675484959972393,12.375,20.319021164321082,0.07905612171217957,0.0,-33.67223716841306,-33.65704961878811,-17.542968019896115,-33.059917075443956,-33.29704109885554,-33.1106727584564,-28.886647558079755,-46.0
1.6833581260411519,12.25,20.114180324118745,0.0788587152407221,0.0,-33.95365093009329,-33.93837397177728,-17.690689019645394,-33.347784685235794,-33.57915031251956,-33.392956113029946,-29.12953122341614,-46.0
1.6993210390238613,12.125,19.909496742682894,0.07866778857900521,0.0,-34.23712362544538,-34.22188780951157,-17.838426003884194,-33.62952530522966,-33.862953957265916,-33.67705929425738,-29.373986330177633,-46.0
1.715440611074377,12.0,19.704972074779256,0.0784736455085689,0.0,-34.52272024416362,-34.507502935340455,-17.987752871599252,-33.91047304477462,-34.14925018450489,-33.96349570824687,-29.620057274480832,-46.0
1.7317202796470905,11.875,19.500606002033287,0.07827285995344463,0.0,-34.81049070837312,-34.79521476175657,-18.138935030854494,-34.19643672091824,-34.437910435022836,-34.252265581811656,-29.86777623437334,-46.0
1.7481635754341964,11.75,19.296394326851047,0.07807006943145059,0.0,-35.10045922121998,-35.08512423426316,-18.293714165203067,-34.49294277970662,-34.72868096938972,-34.543220304884365,-30.117161597837704,-46.0
1.7647738599542113,11.625,19.092333761109497,0.07787377297409939,0.0,-35.39265357519335,-35.37738473050308,-18.44852140114451,-34.78337937853823,-35.02128874547305,-34.836142091561726,-30.368223302971966,-46.0
1.7815551727503263,11.5,18.888422580422272,0.07767453173227844,0.0,-35.68713362106445,-35.67190983795885,-18.604983665944548,-35.073172701618994,-35.31655344052222,-35.13156228790899,-30.621013910247314,-46.0
1.798511495991189,11.375,18.684660580552546,0.07746768227080013,0.0,-35.98395004883926,-35.968694217873974,-18.763392979700946,-35.36817190088732,-35.61434576221686,-35.42948255943513,-30.875570371525356,-46.0
1.8156467344130205,11.25,18.481044595461317,0.07725848783723804,0.0,-36.283137539296774,-36.26785032054957,-18.9236939090069,-35.66595643773787,-35.91441957671831,-35.72975753836755,-31.131911155627108,-46.0
1.832965070462991,11.125,18.27757126522017,0.07704803508436865,0.0,-36.584738932950785,-36.56943512980854,-19.08777239195069,-35.97463256841122,-36.21690110427674,-36.03245636125589,-31.39006694598799,-46.0
1.850470588909771,11.0,18.074236327093576,0.07684512087269149,0.0,-36.88877983812887,-36.87361374968697,-19.251907662741093,-36.27718209058938,-36.52145734124616,-36.33734618631995,-31.650050559825786,-46.0
1.8681679606064723,10.875,17.87103946665201,0.07663857850753748,0.0,-37.195338853704584,-37.18028696688347,-19.417813021736077,-36.5790962551628,-36.82891489845634,-36.64497687485782,-31.911922697138653,-46.0
1.8860618364921364,10.75,17.66798083755568,0.07642368862277547,0.0,-37.50447959184629,-37.4894570283943,-19.585779606129005,-36.8866505901547,-37.139152125353164,-36.955360036197284,-32.175725371605346,-46.0
1.9041570142282354,10.625,17.46505546038585,0.07620597677454746,0.0,-37.816232646570626,-37.80124736515691,-19.7557608739981,-37.197221441484125,-37.45191456285976,-37.26834541490706,-32.44148232986167,-46.0
1.9224583632629275,10.5,17.262261225375713,0.07598628878545206,0.0,-38.13065563120395,-38.1157217397174,-19.929729860843885,-37.519115803781055,-37.767341834239744,-37.58401139305141,-32.70922784081101,-46.0
1.9409709206718861,10.375,17.05959156914788,0.07577477720313727,0.0,-38.4477676569889,-38.433064136668975,-20.10380411698987,-37.83494777996091,-38.085112753877354,-37.90213370138679,-32.97897778081253,-46.0
1.9597000907904147,10.25,16.85704824171424,0.07555878336087608,0.0,-38.767672942840505,-38.753170177632825,-20.279765307971957,-38.150323215702585,-38.406064034503565,-38.223277861879936,-33.25080086004861,-46.0
1.978651403771272,10.125,16.654631629813178,0.07533290592023816,0.0,-39.09045229141853,-39.07604387102876,-20.457938455037628,-38.47164450690163,-38.73007395081397,-38.547457999584445,-33.52474742910866,-46.0
1.997830730688181,10.0,16.45233494962266,0.07510383466370463,0.0,-39.41613022848617,-39.401834569737616,-20.63827409511616,-38.79630398054202,-39.0569050361388,-38.87453485154528,-33.800845070943204,-46.0
2.017244140307832,9.875,16.250154064630063,0.07487231383718701,0.0,-39.74475925271142,-39.730615161897845,-20.822836626563397,-39.1328101172244,-39.386707032651756,-39.20459825408132,-34.079135628462105,-46.0
2.036897434147926,9.75,16.048084857696903,0.07464957678029063,0.0,-40.076382409295604,-40.06258788188154,-21.007576008400672,-39.463358293867906,-39.719168152404976,-39.537429141794505,-34.3596333046196,-46.0
2.056797101255616,9.625,15.846129076629335,0.07442174542750492,0.0,-40.41112910885096,-40.39764348478593,-21.194567506290696,-39.7978322556524,-40.055139645066134,-39.87361480787242,-34.64242002678507,-46.0
2.076950227580307,9.5,15.644280943261437,0.07418852012357749,0.0,-40.74903740058994,-40.73586683545159,-21.383640937838273,-40.1313486391952,-40.39432672299691,-40.21304685238094,-34.92754494586463,-46.0
2.0973636358072794,9.375,15.442541861950152,0.07394449438734109,0.0,-41.090216292550366,-41.077272328098786,-21.57513038377193,-40.471442306628354,-40.73698550657546,-40.55592057015798,-35.215066173172474,-46.0
2.118044549595649,9.25,15.240906118589818,0.07369677554309703,0.0,-41.434716544782304,-41.422023482937846,-21.768995975424065,-40.81527385804026,-41.08287539060344,-40.902097601381364,-35.505017024469694,-46.0
2.139000438313088,9.125,15.039370807700672,0.07344641977276146,0.0,-41.782620514242154,-41.770212355849225,-21.965268865454153,-41.16281802900856,-41.43217644579041,-41.25169478956391,-35.79744724208308,-46.0
2.1602394571081427,9.0,14.837930218995545,0.0731932898293231,0.0,-42.13398984600522,-42.121922793073,-22.166155027294995,-41.522904187336025,-41.784988254908036,-41.60480674393729,-36.09241437444141,-46.0
2.1817692754735396,8.875,14.636580657961154,0.07294993596224673,0.0,-42.488886142843825,-42.4773853945741,-22.36736542289133,-41.87724619716609,-42.1410191020366,-41.96123617891202,-36.389936458193816,-46.0
2.203598762745029,8.75,14.43532181904296,0.072700191339558,0.0,-42.84745816575111,-42.83649218823808,-22.570884064596854,-42.23160106305601,-42.501138867995564,-42.32160355292847,-36.69012084017698,-46.0
2.2257372194049343,8.625,14.23415211343947,0.07243579693547658,0.0,-43.20980546134288,-43.19926930697005,-22.7770922737506,-42.59312843487486,-42.865250366015495,-42.68595005347035,-36.99304801728978,-46.0
2.2481938800937034,8.5,14.03306623374272,0.07216543874111499,0.0,-43.57599201194566,-43.56592088056962,-22.9859488947789,-42.95897493380528,-43.23313282780089,-43.05414529591704,-37.29875408608811,-46.0
2.2709784302542277,8.375,13.83206020786912,0.0718912067516045,0.0,-43.94612135772431,-43.93656469338802,-23.197495122083893,-43.32911529148171,-43.604985850721604,-43.42632307517887,-37.60729942603532,-46.0
2.2941014025894413,8.25,13.631128140763977,0.07161271256237742,0.0,-44.320277160230006,-44.311304912103964,-23.411783495612983,-43.70356208567458,-43.980929221480025,-43.80259782583154,-37.91875510010579,-46.0
2.317573307096313,8.125,13.43026869905634,0.07132935105598627,0.0,-44.69858593091877,-44.690248651427595,-23.628865979481816,-44.0823657026219,-44.36107782853455,-44.18308338611631,-38.23318890317122,-46.0
2.3414054570662852,8.0,13.229477163885434,0.07104136259260502,0.0,-45.08115668512082,-45.073513774336845,-23.85111486665356,-44.474746385726846,-44.74555556219539,-44.56790361348082,-38.55067461791538,-46.0
2.36711292147445,7.875,13.017835416140802,0.07076474587434951,0.0,-45.201440205202886,-45.46138528269134,-24.08295860541675,-44.869863726290895,-45.142075904402596,-44.96856820054259,-38.875891744718984,-46.0
2.3929604034141447,7.75,12.799805625529503,0.07662999289136803,0.0,-45.38544641000777,-45.773093130093,-24.293010720973697,-45.15845373731561,-45.480363042554615,-45.3221148194922,-39.20264748893373,-46.0
2.418855174643937,7.625,12.587269355834774,0.07877216359336041,0.0,-45.64149661504689,-46.06268744339428,-24.515035466938766,-45.476438814744704,-45.79315290412375,-45.646701780937235,-39.52711033031654,-46.0
2.444896210769806,7.5,12.379228599516837,0.07855776027531298,0.0,-45.94737309532414,-46.358739942685645,-24.74049893218713,-45.78804146959785,-46.09928577963122,-45.95921817385944,-39.84788201282946,-46.0
2.471173822962042,7.375,12.174107011314216,0.07735536061254679,0.0,-46.28749246758241,-46.66824797046803,-24.973288603807784,-46.1239891509806,-46.411100912763594,-46.27275136654199,-40.16576212833671,-46.0
2.497755874271286,7.25,11.970865839489726,0.07590426868811274,0.0,-46.651967789589776,-46.99367680579047,-25.204723654489335,-46.45089537663179,-46.733318355653104,-46.594011243949424,-40.48201693587659,-46.0
2.5246976781055537,7.125,11.768873910366581,0.07445836827817062,0.0,-47.03485289256565,-47.33513913486851,-25.440614814686196,-46.80209963794069,-47.07007224337227,-46.9280329172698,-40.79827528283716,-46.0
2.5520430588433682,7.0,11.567718734415074,0.0731594438335866,0.0,-47.432006859228636,-47.69264508570143,-25.676290331514398,-47.15260850822378,-47.42149307081571,-47.27617335646815,-41.11573326132647,-46.0
2.5798302142275946,6.875,11.367139627053342,0.07200260298564037,0.0,-47.84097649625417,-48.06523907681111,-25.914892159128733,-47.521329636939505,-47.788691735372694,-47.639793014949724,-41.43558798733594,-46.0
2.6080921450151817,6.75,11.166954294222807,0.0709949904590297,0.0,-48.259945369983086,-48.45221913493148,-26.15661124772946,-47.90441640709106,-48.17066168379623,-48.0184342004581,-41.75865101378971,-46.0
2.6368588874040375,6.625,10.96703924997425,0.0701184515124949,0.0,-48.68779556182773,-48.85270631084049,-26.39946569027624,-48.29713986656776,-48.56683382392568,-48.41162939158383,-42.08560609501768,-46.0
2.666159322611592,6.5,10.767310719977667,0.06933954222641503,0.0,-49.12384771833416,-49.2657726374195,-26.648520477578643,-48.713552386101405,-48.97660618768912,-48.81881496494836,-42.41703439894177,-46.0
2.6960202781001286,6.375,10.567704623527248,0.06866238441729386,0.0,-49.56757194387515,-49.69088281685586,-26.89866340798437,-49.12873894610384,-49.398668129602875,-49.23882564219626,-42.753274392540185,-46.0
2.7264700849977204,6.25,10.368187283052603,0.06802716462429517,0.0,-50.01896976233485,-50.12702966289129,-27.152933200640703,-49.560400609426694,-49.83316496483962,-49.671548817078545,-43.094833495345824,-46.0
2.757536722113698,6.125,10.16872580144574,0.06742999477480759,0.0,-50.477879769083586,-50.573845214006894,-27.411385892509614,-50.00391932095061,-50.27884811604545,-50.115920917993805,-43.441952479099605,-46.0
2.789248744570664,6.0,9.96929673727951,0.06686118829843866,0.0,-50.94436122913038,-51.030944334147705,-27.674157600805472,-50.458613380910975,-50.73533737941609,-50.571438244761296,-43.794875349174674,-46.0
2.8216358506875596,5.875,9.769884098095604,0.06631020942886119,0.0,-51.418575053986956,-51.49804423478142,-27.941674598802965,-50.92919686030248,-51.20228291926841,-51.037696882591725,-44.153827156424015,-46.0
2.854729444863242,5.75,9.570468323380569,0.0657837594931631,0.0,-51.900613156895815,-51.97508536979939,-28.21367915366489,-51.40619134917595,-51.679276729732386,-51.51427579027338,-44.518959213886546,-46.0
2.888562633030724,5.625,9.371044294213137,0.06525813204527665,0.0,-52.3908601456132,-52.461847822344794,-28.4904238324656,-51.8929265550199,-52.166486196638736,-52.0012192733053,-44.89053886868344,-46.0
2.923171124591155,5.5,9.17160145922947,0.06472545005666792,0.0,-52.88959063724599,-52.95836023239073,-28.769401258841853,-52.38021594431388,-52.6637665348231,-52.498399707772606,-45.26877307489094,-46.0
2.958593948210323,5.375,8.972136591106558,0.064148722813302,0.0,-53.39727584154721,-53.4645260732361,-29.056159504042387,-52.88738828286461,-53.17144999278462,-53.00606742314585,-45.654002868684614,-46.0
2.9941920921801284,5.25,8.772325014963583,0.08071020311691701,0.0,-53.91408566672453,-53.98084036994729,-29.34314747049405,-53.4055936340109,-53.685706287684184,-53.519336434850715,-45.96148756689037,-46.0
3.0306193615758077,5.125,8.572806941409082,0.09708414664222406,0.0,-54.450816527842846,-54.514018029277935,-29.599199078922005,-53.86913108571456,-54.217323098837745,-54.04947167036356,-46.277875579184396,-46.0
3.0680035674650323,5.0,8.373356100852426,0.11310035245626372,0.0,-54.99562785487453,-55.062545716920454,-29.86496103419352,-54.38348781633144,-54.76856501354702,-54.59914687953101,-46.603901968166575,-46.0
3.106402065723543,4.875,8.173712113462644,0.12898307642618956,0.0,-55.54800828202596,-55.62530304102947,-30.14426919788913,-54.93802201627625,-55.333993683840184,-55.16421345018628,-46.93960107375075,-46.0
3.1458644627024404,4.75,7.973881635391639,0.14474303330906532,0.0,-56.10911632027478,-56.20174159941271,-30.434075732882796,-55.51622406800726,-55.91265272253121,-55.743189185350694,-47.28495322802538,-46.0
3.186444631903972,4.625,7.7738923326191856,0.1603677055177904,0.0,-56.68023834227154,-56.79164346841242,-30.73412476767751,-56.11448475005637,-56.50463368749105,-56.33576538774642,-47.639994652409705,-46.0
3.2282033165764403,4.5,7.573763299286367,0.17584214702000014,0.0,-57.262477110314904,-57.39513199086565,-31.044324421412696,-56.730251895634325,-57.11007060072789,-56.94193190829185,-48.004826697203676,-46.0
3.2712076865328346,4.375,7.373505542567172,0.19115403116372418,0.0,-57.8568258837922,-58.012584362129644,-31.362395433691862,-57.35770479976581,-57.729364101380305,-57.56200198903242,-48.379600850665575,-46.0
3.315532802402197,4.25,7.173117577143127,0.20629507038084893,0.0,-58.46420165203031,-58.644506656999084,-31.688653742705377,-57.99914835120834,-58.36325149899638,-58.19664728628612,-48.76452056782914,-46.0
3.361261764038522,4.125,6.972593892629032,0.22125597672322384,0.0,-59.08544934430668,-59.29155458445709,-32.023413750314575,-58.655756906112636,-59.01234336364652,-58.84649886157896,-49.15983125799119,-46.0
3.4084855038873907,4.0,6.771926904683709,0.2360293032265877,0.0,-59.721477821512394,-59.95448924117784,-32.36936326615308,-59.33272390866365,-59.677376129223674,-59.51229488641803,-49.56581281344072,-46.0
3.457304789121572,3.875,6.571103888342722,0.2506087242607566,0.0,-60.37310618509264,-60.63420529552701,-32.724247367985704,-60.02414411601909,-60.35906022836857,-60.19476771036315,-49.982782327877295,-46.0
3.507831311509971,3.75,6.370105664960271,0.2649911798733148,0.0,-61.04130422775819,-61.33163564267085,-33.08795968792972,-60.725867233202806,-61.058590929184625,-60.89506419470072,-50.41109886424947,-46.0
3.5620251451267486,3.625,6.1622546989333165,0.2791686670529687,0.0,-61.72743103859656,-61.931984753330426,-33.23214741485444,-60.573157441937994,-61.68555410631849,-61.53878091232916,-50.86588726619013,-46.0
3.621007562001526,3.5,5.951422091491693,0.2732790866378065,0.012435469668415394,-62.412890141742594,-62.42905831269124,-33.55520754303416,-60.877108592727716,-62.22980562434511,-62.09494879250711,-51.353479770809244,-46.0
3.6830357711641772,3.375,5.7470023273641715,0.25903637818521896,0.023988204578178407,-63.021357311898726,-62.94251159639347,-34.03457995396231,-62.114365175802206,-62.76034875091774,-62.63313823201262,-51.85280602785407,-46.0
3.748225223917288,3.25,5.53965794658093,0.24571825166119773,0.035010689876739755,-63.55156991971617,-63.47321657266883,-34.52244639745818,-62.8701814274423,-63.285492597000555,-63.16609888165212,-52.35787961472089,-46.0
3.8155855801821588,3.125,5.333207065295144,0.23483668417122214,0.04418037092194791,-64.10029004581287,-64.0224230020456,-35.04556496277382,-63.562443543547,-63.83309219154571,-63.71828031885586,-52.860472957641655,-46.0
3.8853988514191764,3.0,5.126462547810799,0.22545031188287654,0.05314353575878556,-64.66892815739149,-64.5915386252374,-35.55693131559022,-64.1800258222664,-64.4007745746008,-64.28784039401538,-53.36216305789715,-46.0
3.9575350671854688,2.875,4.920774298071409,0.22018475794995535,0.059196508206800495,-65.25905218471928,-65.18214114049013,-36.10873142962642,-64.81901975960619,-64.9908027772633,-64.87742003241829,-53.86166676882579,-46.0
4.033230027968,2.75,4.712273980049922,0.21557422339624807,0.066436544008932,-65.87244925157344,-65.7959863368186,-36.53393333504839,-65.3720916229011,-65.60423514704107,-65.36471856215645,-54.36646291745822,-46.0
4.111084914187969,2.625,4.508447598392185,0.21534119188218354,0.06898124594952397,-66.51108237148901,-66.43511862583978,-37.199585151027726,-66.1091207836708,-66.24406799642487,-66.12938950397076,-54.86678312054898,-46.0
4.195548509907161,2.5,4.29386803707919,0.21208874233127087,0.07762396158645772,-67.1773130259769,-66.91151543220542,-37.3557513049264,-66.28027575590852,-66.74520402975543,-66.64830489399031,-55.388447205396425,-46.0
4.279787233597623,2.375,4.097531095707723,0.2117020161388399,0.07762396158645772,-67.87358639137247,-67.79869000289759,-38.57902590392163,-67.49579293177014,-67.59211927890863,-67.46013886641383,-55.88949459861898,-46.0
4.373649900875869,2.25,3.878310755082112,0.21432912120512393,0.08500634253328293,-68.6032474793328,-68.2151092713791,-38.32302417641113,-67.55421248176691,-68.05132205489245,-67.9560157041862,-56.424644751973474,-46.0
4.467754788728579,2.125,3.682113766460723,0.21403193763976222,0.08500634253328293,-69.36941949555506,-69.29556298001904,-39.66868440767428,-68.97236213677982,-69.07567538700157,-68.93115329016089,-56.939528980282354,-46.0
4.572065635595037,2.0,3.465154541507654,0.21964466369137797,0.09008545589817527,-70.17666795248721,-69.92241342198926,-39.43273448570049,-69.35582741621825,-69.73777070946346,-69.62636896948416,-57.484685709666856,-46.0
4.6796927129757,1.875,3.2642323920289433,0.22233016893173832,0.09008545589817527,-71.02950411617633,-70.95670434660036,-40.523936642219475,-70.6342950323938,-70.75003884643978,-70.61436565491891,-58.0208853090547,-46.0
4.801184145457793,1.75,3.0448074865410857,0.22549945172329364,0.09601044025576186,-71.93412743773234,-71.19913935250537,-40.314967760674094,-70.45907822340774,-71.06866192971346,-70.99122108594716,-58.594197953397426,-46.0
4.930177427087619,1.625,2.8480194286162135,0.22484826636259939,0.09601044025576186,-72.89725857158845,-72.82585786072474,-41.89022514016161,-72.47746328134987,-72.59381037972928,-72.4290741644597,-59.146139555192185,-46.0
5.083336996574896,1.5,2.634800854302373,0.2354771672994874,0.09668687461682154,-73.92817550091772,-73.85734261334889,-41.97371459373777,-73.41285610343667,-73.66385923977724,-73.53659838551539,-59.71761567018456,-46.0
5.2734485620830505,1.375,2.4199742681981165,0.23891273476941352,0.10016925873302339,-75.03743398865515,-74.49046487148152,-42.29793686375733,-73.96042586519918,-74.36660407702465,-74.28250905772875,-60.307262686299666,-46.0
5.514626448236281,1.25,2.213945621765418,0.24170817546784304,0.09999382078000944,-75.92234639263376,-76.16989039401705,-43.719443296167384,-75.87524321554946,-76.01457720149928,-75.7931873661255,-60.86091477916069,-46.0
5.888530968543355,1.125,1.9920810328565663,0.2530728784071038,0.09935076019184647,-76.08201077337566,-77.48298073185865,-44.57318373512996,-77.12390790162983,-77.362819343828,-77.27266860283243,-61.31944395886179,-46.0
8.140701681212375,1.0,1.7523602876118622,0.2627662187446062,0.10102118232861265,-74.33993685396743,-78.05187439303882,-48.37046192875506,-77.81281773576502,-77.99866654939495,-77.95152120802744,-60.84537843197377,-46.0
