0.0,27.0,43.70676828018053,28.02821510429779,0.0,0.0,0.0,0.0,0.0,-9.871108052735849,-9.871108052735849,-9.871108052735849,-9.871108052735849,-9.871108052735849,-9.871108052735849,-9.871108052735849,-46.0
0.04667059401203999,26.875,43.706768280180526,25.308082289168073,0.0,1.346043926025743,0.0,16.189904256462178,0.008011492000000002,-10.034422203866598,-10.03043184830375,-9.873879197283598,-9.976127028358585,-9.976617738295289,-9.960503261586922,-9.95957343596711,-46.0
0.09706653754867686,26.75,43.70829954612,22.376304368687787,0.0,2.7995320405401287,0.0,16.15866770184931,0.008011492000000004,-10.09912354623799,-10.18852753724326,-9.878567153159999,-10.11579434095869,-10.116716421204512,-10.09254798400614,-10.090908415886178,-46.0
0.14720643685517634,26.625,43.68385275410374,19.491029836720163,0.0,4.245635488369503,0.0,16.12806729196018,0.008011492000000002,-10.166780457246261,-10.346563043361868,-9.885805551391336,-10.26587831837086,-10.266997080337285,-10.239271904207943,-10.237048558219696,-46.0
0.19677776543351796,26.5,43.655999707678504,16.647614874891357,0.0,5.675340576774623,0.0,16.097533897609743,0.008011492000000002,-10.244832942694984,-10.504570811259782,-9.895989849204371,-10.419974326521679,-10.421244641955193,-10.39179974126113,-10.388999152881562,-46.0
0.24580669783381998,26.375,43.62632990204491,13.842885661458167,0.0,7.0894022156714405,0.0,16.066639891782977,0.008011492000000002,-10.33256915077203,-10.662433674941212,-9.909662757198538,-10.575689618802835,-10.577056837675169,-10.546676431985244,-10.543325478823139,-46.0
0.294335385616115,26.25,43.59471733688903,11.07447728201773,0.0,8.489036113849517,0.0,16.03538909009598,0.008011492000000004,-10.428802336795457,-10.81992622221361,-9.927220810766846,-10.73191564641233,-10.733309425256506,-10.702358695287458,-10.698486479312237,-46.0
0.34239780543033577,26.125,43.56091807745438,8.34065840767076,0.0,9.875222204481693,0.0,16.0035970953277,0.008011492000000004,-10.53252857808286,-10.976640200418046,-9.949255400475401,-10.887801826747802,-10.889274161672487,-10.857955885395384,-10.853593588759322,-46.0
0.39002438415870455,26.0,43.524720792195744,5.639968584140433,0.0,11.248838040572602,0.0,15.970735062412027,0.008011492000000004,-10.642913053514803,-11.131759288553667,-9.976679549531154,-11.042575567993733,-11.0441502201257,-11.012651314318408,-11.00780778269728,-46.0
0.43723110397196174,25.875,43.485957595182114,2.9718793989691297,0.0,12.610344569841148,0.0,15.935972726472178,0.008011492000000004,-10.759260799652054,-11.283328156495656,-10.011195734851004,-11.194747788719376,-11.196401344686228,-11.165006542319817,-11.159660295712294,-46.0
0.4840253544027852,25.75,43.44443125310477,0.33720263765091824,0.0,13.959954916542289,0.0,15.894430199301162,0.008011492000000004,-10.880975548423578,-11.424276850290028,-10.05667084739182,-11.33943165779011,-11.34128579230074,-11.310797075583107,-11.304580601960257,-46.0
0.495190505304355,25.625,43.210699776905905,0.17059192634181455,0.0,14.281973178198477,7.09251831087693,15.714723429061396,0.008011492000000004,-11.007542896360803,-11.405671045242968,-10.122813972733038,-11.350833054215595,-11.351403092249319,-11.329471900122469,-11.300700192074341,-46.0
0.5039641781148313,25.5,42.979686925051396,0.1347885228183864,0.0,14.535017932512773,7.05602246169587,15.809721535126972,0.008011492000000004,-11.201274981760207,-11.439319204255241,-10.138463728631454,-11.373933234470996,-11.374595681757162,-11.351424805410254,-11.300852565045966,-46.0
0.512333645334745,25.375,42.7611888026635,0.11349319445435008,0.0,14.776404843348535,7.02066097568255,15.78380391400224,0.008011492000000004,-11.398824309122801,-11.514367930320532,-10.148873164642913,-11.41776380589207,-11.418849280261224,-11.386241460443905,-11.309477656631673,-46.0
0.5205838182725121,25.25,42.542559278811545,0.10242217938072969,0.0,15.014351143510869,6.985354465116435,15.749777409808688,0.008011492000000004,-11.59632451455576,-11.606649018535165,-10.158108943481071,-11.476433307121733,-11.478500689224486,-11.433347085738,-11.326840567700973,-46.0
0.5288043206070024,25.125,42.323374126303364,0.0964876317602335,0.0,15.251441702790373,6.950034480210446,15.715750115830506,0.008011492000000004,-11.793238696797403,-11.718612351198487,-10.167691297170483,-11.551749792575002,-11.555150780140805,-11.494862504707644,-11.352905090157083,-46.0
0.5370334396578599,25.0,42.10370014398517,0.09326662261254495,0.0,15.488780779985143,6.914690918952919,15.681612103430309,0.008011492000000004,-11.98941858874855,-11.849320770677878,-10.177776499120794,-11.643990398147121,-11.649315109055173,-11.569717324152974,-11.38751383738798,-46.0
0.5452899458494974,24.875,41.88360699681708,0.09154037891012184,0.0,15.72690973987326,6.879321692698128,15.647283705410478,0.008011492000000004,-12.184824565623842,-11.995811032055542,-10.188694094906372,-11.752289477590306,-11.760125657117086,-11.665159434435866,-11.430436522055576,-46.0
0.5535837784170499,24.75,41.66314730554631,0.09065523037881051,0.0,15.966115243624689,6.843926959761182,15.612692939961786,0.008011492000000004,-12.379460234371209,-12.15471084366942,-10.200810366183191,-11.875637557870684,-11.885842718127305,-11.77341639748795,-11.48139232468665,-46.0
0.5619202366655588,24.625,41.44236644857313,0.0902463189938337,0.0,16.20655013046324,6.808508121917813,15.578072184886208,0.008011492000000004,-12.573354187292637,-12.322998086801704,-10.213741743296127,-12.010225930306033,-12.024383954553162,-11.895568547519847,-11.540063521167381,-46.0
0.5703025116221353,24.5,41.22129374597164,0.09010668335327378,0.0,16.448306433986325,6.773066314927002,15.543101020331989,0.008011492000000004,-12.766539940509517,-12.498206306201041,-10.227892537918795,-12.155727565278928,-12.173825053912502,-12.030161820721855,-11.606109558703201,-46.0
0.5787325496305447,24.375,40.999955944758455,0.09011382111982497,0.0,16.69144028941697,6.73760295882153,15.508098674811345,0.008011492000000004,-12.959054240341175,-12.678425376526434,-10.243266131366243,-12.310007397454523,-12.332223225351338,-12.175294046691883,-11.679175597739057,-46.0
0.5872108677870758,24.25,40.77839467544217,0.09019535595663623,0.0,16.935966610521184,6.7021210372717706,15.4730956800542,0.008011492000000004,-13.150954401004753,-12.862205793881344,-10.259871895242279,-12.471436360713874,-12.49794040688593,-12.32989985181618,-11.758895386813332,-46.0
0.5957377347051096,24.125,40.55663614434958,0.09031526162160933,0.0,17.1818931444772,6.66662249982361,15.43810200457031,0.008011492000000004,-13.34229758360209,-13.048499378319491,-10.27771844675195,-12.638657701286961,-12.669573775068706,-12.492265147410134,-11.844905788534723,-46.0
0.6043133968443825,24.0,40.33470301850715,0.09045096780549833,0.0,17.429226999521756,6.631109092004761,15.403111120394176,0.008011492000000004,-13.533136945451588,-13.236528790498994,-10.296813182039788,-12.810537178084132,-12.845947141391974,-12.661069821619787,-11.936851659587864,-46.0
0.6129378301840347,23.875,40.11262332735312,0.09058732590069853,0.0,17.67796748286032,6.595583048146533,15.36811027171109,0.008011492000000004,-13.723529307942727,-13.425717186921077,-10.317161797195302,-12.986130071162782,-13.02607658531556,-12.835148523115546,-12.034386018146737,-46.0
0.6216111558247749,23.75,39.890417199661506,0.09071681499026792,0.0,17.928118087203387,6.56004600135723,15.333088190869477,0.008011492000000004,-13.913527426726944,-13.615654018256237,-10.338769158853259,-13.1646671868107,-13.209158216306674,-13.01350118378125,-12.137176291512914,-46.0
0.6303333577307275,23.625,39.668109746050604,0.09083293576564452,0.0,18.179678350054314,6.524500002315913,15.298022908707448,0.008011492000000004,-14.103186209103114,-13.806035727474864,-10.361638903744609,-13.345517216657361,-13.394530833273732,-13.19527489971108,-12.244902309563097,-46.0
0.6391038779647743,23.5,39.4457362598975,0.09093282494947694,0.0,18.432632179741567,6.488947963254197,15.26287864176708,0.008011492000000004,-14.292572876942472,-13.996653016315065,-10.385772696574735,-13.528169381845807,-13.581658254748028,-13.379750049857105,-12.357254123758102,-46.0
0.647922816292964,23.375,39.22330833746187,0.09102032549704617,0.0,18.686982453654792,6.453390883710398,15.227684115996233,0.008011492000000004,-14.481741079606536,-14.187392126386442,-10.411172992825122,-13.712238653022577,-13.770135058617607,-13.566351896779949,-12.473946553072759,-46.0
0.6567899593475792,23.25,39.00085405816059,0.0910916260191451,0.0,18.94272301797645,6.417831078178382,15.192396374321136,0.008011492000000004,-14.670749314522823,-14.37815171664414,-10.43784090150516,-13.897403399541343,-13.959623486113584,-13.754600263207589,-12.594705953605061,-46.0
0.6657052048784718,23.125,38.77839338317994,0.09114789875034889,0.0,19.199850923672066,6.382270220988331,15.15700386232046,0.008011492000000004,-14.859654084416434,-14.568886068518054,-10.46577732759032,-14.08342182730643,-14.149869340228006,-13.944114718448864,-12.719276574869436,-46.0
0.6746684600484466,23.0,38.55594719264434,0.09118912948354847,0.0,19.458363493189626,6.346710055209076,15.121491355239908,0.008011492000000004,-15.048510880668687,-14.75957116299054,-10.49498279059293,-14.270107033163868,-14.34067673663864,-14.134593129753746,-12.847418493323977,-46.0
0.6836796662651241,22.875,38.33353495622367,0.09121571021209933,0.0,19.71825903664457,6.311152209818047,15.085847047034026,0.008011492000000004,-15.237373813301247,-14.950204112142785,-10.525457565069743,-14.4573193788056,-14.531899941605559,-14.325800571223146,-12.978907564863668,-46.0
0.6927389691920187,22.75,38.11117131736127,0.09122803226364154,0.0,19.979541755172388,6.275597916218377,15.05005876570743,0.008011492000000004,-15.426291798542309,-15.14079632730568,-10.557202231865912,-14.644958244058692,-14.723434798705833,-14.517559901053927,-13.113536659888094,-46.0
0.7018459852348814,22.625,37.88888502022781,0.09122480973756422,0.0,20.242200585388943,6.240049557087875,15.014112293185331,0.008011492000000004,-15.615323703441504,-15.331361139628086,-10.590215558983365,-14.832943485153601,-14.915199347962837,-14.709728591230409,-13.251105912912697,-46.0
0.7110011419569703,22.5,37.66667822075468,0.09121098391834553,0.0,20.506247858804883,6.204507359674703,14.978011159953578,0.008011492000000004,-15.804511824497126,-15.521948253553944,-10.624498649669114,-15.021242599351188,-15.107161210884,-14.902222430093925,-13.391440966476026,-46.0
0.7202044713557119,22.375,37.44457307568275,0.09118221763710915,0.0,20.771684498269867,6.168973146877911,14.941731950565314,0.008011492000000004,-15.993903450353798,-15.712571834572941,-10.660051160225118,-15.209816378769746,-15.299282757994648,-15.094968780626342,-13.53437264318301,-46.0
0.7294556814731411,22.25,37.22259203327122,0.09114024767618853,0.0,21.038502083315837,6.133448798348118,14.905275508446538,0.008011492000000004,-16.183553089555915,-15.903273276104244,-10.696871558714932,-15.39864952280217,-15.491550712995236,-15.287920151307233,-13.679740982671632,-46.0
0.7387552746344807,22.125,37.00073503633419,0.091089762181934,0.0,21.30671510169101,6.097934355273629,14.86864316824297,0.008011492000000004,-16.37349836428274,-16.094112598495258,-10.734960948552215,-15.587756383361233,-15.683982684035376,-15.481066668162816,-13.82740968106624,-46.0
0.7481030163952651,22.0,36.77902876234604,0.09102666805021961,0.0,21.57631679169554,6.062432012662876,14.831831039684348,0.008011492000000004,-16.563789032675516,-16.285112876454605,-10.774829568191397,-15.780700123799427,-15.876578545095436,-15.674391451055676,-13.977241346094008,-46.0
0.7574992678839273,21.875,36.55747432633696,0.09095764183910032,0.0,21.847317568768595,6.026941880890469,14.795400173351531,0.008011492000000004,-16.754462025673206,-16.476357770812513,-10.815467282554573,-15.970193344407878,-16.06915012316622,-15.867769888800654,-14.12911835072829,-46.0
0.7669440321181404,21.75,36.33609164053937,0.09087812447775093,0.0,22.11971751994402,5.991465667797272,14.758224704068368,0.008011492000000004,-16.945562102180702,-16.667850610285655,-10.857296670582825,-16.15858583460591,-16.262117703773896,-16.061436429696847,-14.28292845353188,-46.0
0.7764378331409618,21.625,36.1148813527692,0.0907909409745469,0.0,22.393531759342153,5.956003441282724,14.720577186873625,0.008011492000000004,-17.13712186723319,-16.859638324097602,-10.900432913366664,-16.34850747050677,-16.45545690987425,-16.255412537207434,-14.438575263250957,-46.0
0.7859809403459823,21.5,35.8938558488476,0.09069437085097042,0.0,22.668768056643547,5.920556201090849,14.682899226461654,0.008011492000000004,-17.329175427347195,-17.051759716883964,-10.944843879703306,-16.538926047974517,-16.6490372369267,-16.449637826877733,-14.5959642229389,-46.0
0.7955738596232209,21.375,35.67301903902764,0.09058948526008108,0.0,22.945441002410018,5.885124300802079,14.645043533930574,0.008011492000000004,-17.521752157913312,-17.24425648481619,-10.991118240395886,-16.733770754794065,-16.842926935279053,-16.644154610487547,-14.75501217575617,-46.0
0.8052166409271864,21.25,35.4523859700926,0.0904769187195644,0.0,23.223552037398107,5.849708960675036,14.607630496317427,0.008011492000000004,-17.714888312790663,-17.43718251724266,-11.03799657341311,-16.923195893332995,-17.03691590970788,-16.838833435406166,-14.91563528706494,-46.0
0.8149097000404696,21.125,35.23196103149187,0.09035705615377974,0.0,23.50311315334785,5.814310658394105,14.56911099534831,0.008011492000000004,-17.908617341710908,-17.630546043853258,-11.086190336580671,-17.114554693580345,-17.231591133965722,-17.03402450475894,-15.077766546131778,-46.0
0.8246532943467176,21.0,35.01175249508667,0.09023132311835454,0.0,23.784131773556556,5.778930029919941,14.5305569363301,0.008011492000000004,-18.10297085683979,-17.82439666668597,-11.1356610383007,-17.306584371383174,-17.42665548721843,-17.229598812019496,-15.241339825144726,-46.0
0.8344480311951772,20.875,34.79176022201957,0.09010140638826367,0.0,24.066625414809295,5.743567094894637,14.491828216158062,0.008011492000000004,-18.297972865210625,-18.018777277983986,-11.186405283760376,-17.49924015287466,-17.6221770519706,-17.42560596115817,-15.406300499123994,-46.0
0.8442943596307024,20.75,34.571991554613916,0.08996560968157831,0.0,24.350607028175396,5.708222465827646,14.452886763764209,0.008011492000000004,-18.49364919637145,-18.213712637360544,-11.239092787830206,-17.696847059249645,-17.818189191566624,-17.62207690035303,-15.572595543391664,-46.0
0.8541927110904981,20.625,34.352450118625,0.08982673872814076,0.0,24.636089056895425,5.672896422934237,14.41447357892333,0.008011492000000004,-18.690024071447112,-18.409263075802556,-11.292307319264836,-17.888637070367803,-18.01446663177939,-17.81887868789471,-15.74017550514306,-46.0
0.8641436444728573,20.5,34.13314079156728,0.08968169195692259,0.0,24.923087620362523,5.637589474444441,14.374824190319883,0.008011492000000004,-18.887123697140822,-18.605412116887777,-11.346841874538725,-18.082699782379095,-18.211629664733934,-18.016384943441253,-15.909001024255918,-46.0
0.8741476936700693,20.375,33.91406581119353,0.0895323054804158,0.0,25.211618116762374,5.602301751752896,14.335139688632918,0.008011492000000004,-19.084969974945693,-18.802204001109914,-11.402659394879757,-18.27760018184308,-18.409347262802726,-18.214450247839565,-16.079032794972314,-46.0
0.8842052478073011,20.25,33.69523140501987,0.08937901700921452,0.0,25.501691768998377,5.567033791794802,14.295270541251154,0.008011492000000004,-19.283588683382362,-18.999668350084022,-11.460487857790595,-18.47787057556127,-18.607679789313675,-18.413114713536153,-16.25023410525504,-46.0
0.8943173269992347,20.125,33.47662762995657,0.08922585809849871,0.0,25.793337998576728,5.531784757368434,14.255984600104794,0.008011492000000004,-19.482988263878468,-19.197869862682836,-11.518778260234695,-18.672124482452524,-18.806396142073265,-18.61224161557851,-16.42257945186897,-46.0
0.9044840919789191,20.0,33.25827383731729,0.08906453918807737,0.0,26.086561441258965,5.496556333221901,14.21535083991455,0.008011492000000004,-19.683201919426125,-19.39676008504685,-11.578399915318178,-18.86880542746852,-19.006121870753013,-18.812201809040822,-16.596036258874715,-46.0
0.9147062061328867,19.875,33.04016343827212,0.08890243698947974,0.0,26.381381230022317,5.461347940275134,14.174715437189587,0.008011492000000004,-19.8842488874252,-19.5964051289248,-11.640090476850046,-19.071221974982492,-19.206521996636265,-19.012846575623,-16.770581632615002,-46.0
0.9249843749347897,19.75,32.822295951418596,0.08874102039595588,0.0,26.67781771169426,5.4261595145025865,14.134765212529292,0.008011492000000004,-20.086143337297273,-19.796860096777948,-11.702297648277288,-19.269482781511105,-19.407373369376103,-19.214034446025646,-16.946193968924494,-46.0
0.9353194891909051,19.625,32.604671284794875,0.0885762552460138,0.0,26.975896578349296,5.3909911406877145,14.093769733725017,0.008011492000000004,-20.288900358644383,-19.998102205270612,-11.765698229304999,-19.466879679839742,-19.609219360602207,-19.416084833119335,-17.122859854198143,-46.0
0.9457123390346303,19.5,32.387290688378854,0.0884064880638622,0.0,27.275640618518036,5.35584289969194,14.052118278892356,0.008011492000000004,-20.49253521067382,-20.20013475926939,-11.830436912518202,-19.66667909532966,-19.811985530454848,-19.619001069739173,-17.300563245747146,-46.0
0.9561631745361132,19.375,32.17016358574607,0.08823323186973576,0.0,27.577057044566445,5.320715546504224,14.01049588157428,0.008011492000000004,-20.69707568003716,-20.40299248829467,-11.897313308696837,-19.872524822988833,-20.015498238766934,-19.822693389042612,-17.47928150477166,-46.0
0.966672924569389,19.25,31.953279701632773,0.08806341827973123,0.0,27.880172646495364,5.285608231632637,13.969616609998967,0.008011492000000004,-20.902531806882592,-20.606752953572254,-11.964548918139318,-20.071965945044422,-20.219543384361046,-20.027018460327447,-17.659005311718495,-46.0
0.9772424604370374,19.125,31.73664288341034,0.08788976130466335,0.0,28.185012553865924,5.250521378568375,13.927204906875751,0.008011492000000004,-21.1089206426077,-20.811364557458575,-12.033136827646736,-20.274193217455466,-20.424802382820307,-20.232382115980144,-17.83972948040587,-46.0
0.9878727009090168,19.0,31.520249643118984,0.08771407427543113,0.0,28.491603265263546,5.215454625772526,13.884804525839984,0.008011492000000004,-21.316252446584997,-21.016864868692124,-12.103032813135313,-20.47758523359978,-20.63089189161488,-20.43860578591194,-18.021445373998272,-46.0
0.9985640271393548,18.875,31.30410918852358,0.08753567839028552,0.0,28.79995577369302,5.180408751611141,13.84220556021407,0.008011492000000004,-21.524553663567502,-21.223268501161243,-12.175132197009397,-20.68728142920676,-20.837858029431402,-20.645711457456294,-18.204139162925543,-46.0
1.009317614960047,18.75,31.08820804507816,0.08736124753971257,0.0,29.110103991761402,5.145382623072766,13.800405950988353,0.008011492000000004,-21.733827689291246,-21.430651842412544,-12.24754171993384,-20.890231061609683,-21.045435968074074,-20.85353177034274,-18.38780970230918,-46.0
1.0201342521481607,18.625,30.87255444305329,0.08718200660395846,0.0,29.422070640039518,5.110377026950327,13.756943426389574,0.008011492000000004,-21.944095339319347,-21.638948517050892,-12.321312456615534,-21.096186491140532,-21.254322664441503,-21.06248276364513,-18.572454934724906,-46.0
1.031014822525114,18.5,30.657144582990078,0.08700158320234228,0.0,29.735881209148946,5.075391578203209,13.713488635432222,0.008011492000000004,-22.15536993455683,-21.84820349010232,-12.397349168815474,-21.30875866465852,-21.464110710953374,-21.272371032920425,-18.758070576109446,-46.0
1.0419601444573328,18.375,30.44197752087448,0.08682282878125805,0.0,30.051559301899573,5.04042617071707,13.670899460301866,0.008011492000000004,-22.367664161094353,-22.05847477778653,-12.473650946161273,-21.514484406607686,-21.674545723471596,-21.483023656940272,-18.94465099778728,-46.0
1.0529712184484648,18.25,30.227053720615746,0.08664092050388865,0.0,30.369133774188473,5.005480972777985,13.626563605095486,0.008011492000000004,-22.580996539835468,-22.269711911704462,-12.551330489718746,-21.72329209852594,-21.886351870976913,-21.69487127204492,-19.13220113893347,-46.0
1.0640489853939423,18.125,30.01237105207654,0.08645784271717294,0.0,30.688631762730083,4.97055572425499,13.582269191443919,0.008011492000000004,-22.79537949875646,-22.481954515033692,-12.630340211720267,-21.933412891548794,-22.099112886455437,-21.907713961173332,-19.320719337671335,-46.0
1.0751943943830342,18.0,29.797928751307023,0.08627382837212062,0.0,31.0100806405603,4.935650382706245,13.537769833757222,0.008011492000000004,-23.010827596152467,-22.695221719617194,-12.711683877341038,-22.150360165699098,-22.312882521178846,-22.121578203840762,-19.510205937755913,-46.0
1.0864082411325569,17.875,29.58372693094222,0.08609220670111972,0.0,31.33350335724319,4.90076491676918,13.494197697317924,0.008011492000000004,-23.227356682888882,-22.909574705345534,-12.793246478331573,-22.360105713468734,-22.527360750245652,-22.336266315164412,-19.70065774320187,-46.0
1.097691750750552,17.75,29.369762548383523,0.08590841590282575,0.0,31.658935246574558,4.865899212696346,13.448738394236566,0.008011492000000004,-23.44498238277245,-23.124960896245454,-12.876199258776868,-22.573149337541764,-22.743299811298485,-22.55223107334603,-19.892086411456603,-46.0
1.1090459613476762,17.625,29.156034445573127,0.08572324865102428,0.0,31.98640624908919,4.831053080356412,13.403303069808766,0.008011492000000004,-23.663716356650298,-23.34141416857267,-12.960497617600609,-22.787561398559603,-22.960255382892367,-22.769257774584542,-20.084493202299733,-46.0
1.120472039404844,17.5,28.942539401921994,0.08553709521806224,0.0,32.315950007696145,4.796226273000931,13.35765271210445,0.008011492000000004,-23.883569439304182,-23.558953738740485,-13.047206536246273,-23.009068123965367,-23.178286597780573,-22.987375706259762,-20.277882717486385,-46.0
1.1319708485464122,17.375,28.72927888255953,0.08535261096254629,0.0,32.64759143050606,4.761418865725275,13.312979232959826,0.008011492000000004,-24.10455817840554,-23.777637320238853,-13.134080549238027,-23.223156363540213,-23.397079617574352,-23.206376253423233,-20.47225288176787,-46.0
1.1435434834517635,17.25,28.516253632525615,0.08516526490927137,0.0,32.98136208957338,4.726631065805198,13.266262708828284,0.008011492000000004,-24.326707242546803,-23.997407544795777,-13.222367995524143,-23.440618240961847,-23.617403557999978,-23.426721827912296,-20.66761527616622,-46.0
1.155191311021934,17.125,28.303456133702667,0.0849777803178145,0.0,33.31730140819827,4.6918621555030615,13.21961839633473,0.008011492000000004,-24.55002167546803,-24.218312410308357,-13.313132096472376,-23.665480672735512,-23.838813633373984,-23.64819976853279,-20.863977316349896,-46.0
1.1669151684113988,17.0,28.09089044983365,0.08479205573528018,0.0,33.65543353106368,4.657112430033231,13.174094536918995,0.008011492000000004,-24.774520693397875,-24.440410357923383,-13.404152459917565,-23.88531855356791,-24.061024796007413,-23.870609525459248,-21.061336651272914,-46.0
1.1787165501851047,16.875,27.87855013790838,0.08460549283159402,0.0,33.99580156347205,4.622381487876813,13.127020939721916,0.008011492000000004,-25.00021719795862,-24.663666449547122,-13.49642241131419,-24.104296760276195,-24.284689247305987,-24.09433607097993,-21.25970999588429,-46.0
1.1905965802804266,16.75,27.66643820949834,0.08441508777294277,0.0,34.3384379213184,4.587669540591882,13.078975184099049,0.008011492000000004,-25.22713144590162,-24.888069138437203,-13.590121686692422,-24.32648982955078,-24.50969387464724,-24.319363801741638,-21.459103745785818,-46.0
1.2025563743280834,16.625,27.45455282967185,0.08422414036228965,0.0,34.68337478092243,4.5529763977386715,13.03106332770358,0.008011492000000004,-25.455281775629743,-25.11366825573316,-13.686376054602793,-24.556316216539035,-24.735828502123976,-24.545576667258885,-21.659522104332385,-46.0
1.2145973259170952,16.5,27.242887354834338,0.08403704858173651,0.0,35.03065233530234,4.518301477575714,12.984339645559357,0.008011492000000004,-25.684673862245347,-25.340540064773307,-13.782720741859537,-24.778377925598402,-24.962825256034183,-24.772782211938104,-21.86097173203591,-46.0
1.2267207358191705,16.375,27.031445779874282,0.08384569319411342,0.0,35.38030810049785,4.483645259631994,12.935294408610705,0.008011492000000004,-25.915334375510014,-25.568601601376145,-13.880521220940846,-25.004107128514516,-25.191485412595746,-25.001464014893962,-22.063468033141547,-46.0
1.2389280374058809,16.25,26.82022256215379,0.08365342464062889,0.0,35.73238341691051,4.4490071802946165,12.886348276866748,0.008011492000000004,-26.14727374024136,-25.797906680093405,-13.979725943644711,-25.23143035679537,-25.421338424745958,-25.231392060791606,-22.267018999477877,-46.0
1.2512203582807104,16.125,26.609220719463185,0.08345997271586565,0.0,36.086910806170984,4.414387506447746,12.837226962300088,0.008011492000000004,-26.38051683462905,-26.0284746413962,-14.081562537763347,-25.466586508293883,-25.652444014598927,-25.462591336029185,-22.471630092155703,-46.0
1.2635991224551915,16.0,26.398433988701957,0.08327069246643193,0.0,36.443931338724454,4.379785677714408,12.789272445940753,0.008011492000000004,-26.615074160966515,-26.260387540443475,-14.183455074912747,-25.693641359655334,-25.884479071622458,-25.694844991213703,-22.677308898423842,-46.0
1.2760658701230267,15.875,26.187863880083615,0.08307760761742305,0.0,36.803489435869224,4.345201970675229,12.738840737399347,0.008011492000000004,-26.85097114656105,-26.493561880458174,-14.286825548113063,-25.924592343672398,-26.118269748824257,-25.928659212369425,-22.884075472142236,-46.0
1.288622170943581,15.75,25.97750571311826,0.08288325764854136,0.0,37.165630368733694,4.310635885291957,12.688488374207004,0.008011492000000004,-27.08821836181599,-26.728049389270723,-14.391626332479905,-26.157196386043655,-26.353320063374554,-26.163790673294226,-23.091939186131864,-46.0
1.301269310457576,15.625,25.767361941627357,0.08268741290634682,0.0,37.53039121407501,4.27608764380171,12.637883571575314,0.008011492000000004,-27.32684193490593,-26.963869295450763,-14.499145695184172,-26.397881725728144,-26.58969539647842,-26.400267042538125,-23.300907456741488,-46.0
1.3140087184815181,15.5,25.55742832754673,0.08249577642648785,0.0,37.897813209761786,4.241556844147072,12.588605181162102,0.008011492000000004,-27.566857609815173,-27.201111273640834,-14.606676480189309,-26.630289676754455,-26.827067500061062,-26.637865794664457,-23.510986939261205,-46.0
1.326842298292755,15.375,25.347702299789287,0.08230056760325845,0.0,38.2679512489225,4.207043439066578,12.53663018588622,0.008011492000000004,-27.80828582581637,-27.439690049428066,-14.71572242633092,-26.86668288886268,-27.066283351163197,-26.877111043925375,-23.72220364182139,-46.0
1.3397714655036996,15.25,25.138185298768686,0.08210323163164221,0.0,38.640846159760216,4.172547421980305,12.484775432266284,0.008011492000000004,-28.051149219129854,-27.679654008357005,-14.826227968768386,-27.104816586686177,-27.306833946616038,-27.117749934084493,-23.934563724485642,-46.0
1.3527979914890036,15.125,24.928872216379112,0.08190550465314786,0.0,39.01654903114881,4.138068396929581,12.432654773983762,0.008011492000000004,-28.295463531194827,-27.92103729894947,-14.939543726934486,-27.351311524215266,-27.54879536960761,-27.35981918701156,-24.148081469638925,-46.0
1.3659236149719836,15.0,24.71975904799697,0.08171122863233242,0.0,39.39511001025287,4.103605967505693,12.381995640060588,0.008011492000000004,-28.541237573274515,-28.163922199832683,-15.052848378354044,-27.589255671209553,-27.791827808778628,-27.60308855395615,-24.362764823091563,-46.0
1.3791498361128967,14.875,24.510852898881474,0.08151165721989267,0.0,39.77657236375124,4.069160897683177,12.328428052287325,0.008011492000000004,-28.788518951350568,-28.408210280709028,-15.167696171386167,-27.831428230136034,-28.036790937988936,-27.84808887607015,-24.578634221617296,-46.0
1.3924786445498167,14.75,24.302145008193545,0.08131167793810413,0.0,40.16099347553415,4.034732340382518,12.274980603719445,0.008011492000000004,-29.03731720832016,-28.653977617676162,-15.284038833315162,-28.075429761939063,-28.283172872483153,-28.09456893628743,-24.795704220201145,-46.0
1.405912022299936,14.625,24.093632999460088,0.08111022999518011,0.0,40.54843050969515,4.000320115579719,12.221237602492327,0.008011492000000004,-29.287646352869615,-28.901243284078618,-15.403288246910693,-28.32804852149726,-28.531048537795556,-28.3425643896932,-25.013989936585514,-46.0
1.4194514543174976,14.5,23.885318888781264,0.08091174418890786,0.0,40.93892629435081,3.965924325191522,12.169031108205344,0.008011492000000004,-29.539535153101838,-29.150094368479103,-15.522488508276707,-28.57196549744963,-28.780069224496316,-28.59183435215292,-25.23349466329034,-46.0
1.4330991028460442,14.375,23.677200170231504,0.0807091634378349,0.0,41.332543191569755,3.931544950622312,12.113692664300864,0.008011492000000004,-29.79301679786647,-29.400444299244896,-15.643278982099504,-28.8202209435916,-29.031124471229028,-28.842935906526947,-25.454249290683414,-46.0
1.4468569667704652,14.25,23.469274110276594,0.08050474095120508,0.0,41.729338851933065,3.897181625319064,12.058521329822446,0.008011492000000004,-30.048107741373883,-29.652356712435164,-15.765604292480516,-29.070410704603038,-29.283686522551196,-29.095607479380583,-25.676265803195452,-46.0
1.4607269808393062,14.125,23.26154020674081,0.0802989411360308,0.0,42.12936907624174,3.862834332628263,12.003035110340093,0.008011492000000004,-30.304836014520845,-29.90586155157166,-15.890935041847007,-29.329496743264055,-29.5378334207657,-29.349884826009045,-25.899558504968795,-46.0
1.474711255160244,14.0,23.05399270326433,0.08009770388239328,0.0,42.532694722894526,3.828502527118076,11.949257184321223,0.008011492000000004,-30.5632131761204,-30.161064580469514,-16.016347818213855,-29.5827946033729,-29.79322512922921,-29.605534762535868,-26.124137923160276,-46.0
1.488812093052903,13.875,22.846631997101404,0.07989331490632982,0.0,42.93938222278773,3.7941863991922573,11.893060329725431,0.008011492000000004,-30.823273036139398,-30.41788849847495,-16.143174440511615,-29.835205759193066,-30.05059613390803,-29.863012221462313,-26.350032697218577,-46.0
1.50303153150683,13.75,22.639460029776856,0.07968366756644191,0.0,43.349490325492994,3.7598860637150877,11.83535802371786,0.008011492000000004,-31.085055246798788,-30.676331753249684,-16.271639307732432,-30.091769298669508,-30.309821949446743,-30.122308221321834,-26.577260675793045,-46.0
1.5173719166562556,13.625,22.432471013485472,0.07947301570654103,0.0,43.76308669673855,3.7256009794931804,11.777899879559731,0.008011492000000004,-31.348577363132563,-30.936473594807097,-16.403224223881267,-30.3575730927713,-30.570667634168743,-30.38329006939675,-26.805837259340578,-46.0
1.5318355235938674,13.5,22.22566131936847,0.0792666603439694,0.0,44.180236953317106,3.6913307936350757,11.722309409376777,0.008011492000000004,-31.61385420184766,-31.198419951846915,-16.534721657368095,-30.614380088915645,-30.832847862623627,-30.645740971577176,-27.035772290145108,-46.0
1.5464247814018952,13.375,22.01903402551424,0.07905434748589495,0.0,44.60101115329093,3.6570759650672304,11.66309575023659,0.008011492000000004,-31.880937301004764,-31.462056960058305,-16.667907218334566,-30.875938206137114,-31.09728118888418,-30.910241525338222,-27.267099868163022,-46.0
1.5611422334948333,13.25,21.81258393907938,0.07884003569504065,0.0,45.02548265222158,3.6228359127318464,11.604077544055789,0.008011492000000004,-32.14984465075736,-31.727469285683668,-16.802724957705873,-31.13967901395506,-31.363425441268756,-31.17652081347042,-27.49983593940875,-46.0
1.5759903740456012,13.125,21.60630999185865,0.0786239031980975,0.0,45.453723385476046,3.5886105724103867,11.544702695353003,0.008011492000000004,-32.42060679911489,-31.994690814966077,-16.93917999071541,-31.40550141543889,-31.631368960694676,-31.444620856611863,-27.733999056741634,-46.0
1.5909719142857819,13.0,21.400208669627972,0.07840632367254154,0.0,45.88581154869083,3.5543996587228293,11.48485901776274,0.008011492000000004,-32.69324974654714,-32.26375616294811,-17.078889043991143,-31.68080846392897,-31.901149622281952,-31.71456898024494,-27.969611053435415,-46.0
1.606089223245755,12.875,21.19427925113918,0.07819320666698541,0.0,46.32181546795051,3.5202030276385727,11.427013165557849,0.008011492000000004,-32.967803735065246,-32.53477993090303,-17.218658552619186,-31.95013022733783,-32.17241501848395,-31.986124184582735,-28.20668031538143,-46.0
1.621345309498438,12.75,20.988519629261557,0.07797712326416126,0.0,46.76182191462335,3.486020684030522,11.366295902249018,0.008011492000000004,-33.244311286193806,-32.80768671296363,-17.35995024691522,-32.218605797626495,-32.445938490699426,-32.25977913682415,-28.445245502127033,-46.0
1.636743094913033,12.625,20.78292918193451,0.077754809227192,0.0,47.205915159423625,3.4518525221488208,11.303746352435516,0.008011492000000004,-33.522808974522746,-33.08247443685008,-17.50301048011394,-32.49167670506229,-32.72159593024896,-32.53553380833888,-28.685333514349924,-46.0
1.6522855520070607,12.5,20.577503631764905,0.07753021364722924,0.0,47.65418093383255,3.417698110428397,11.24151261311217,0.008011492000000004,-33.80332012948975,-33.35923071845343,-17.64945831359649,-32.77462634000604,-32.99914061229474,-32.81324625343738,-28.926961648757867,-46.0
1.6679754027009512,12.375,20.372241262528863,0.07731034853391865,0.0,48.106697741767626,3.383557249152233,11.181521762309846,0.008011492000000004,-34.085875547877265,-33.638084160359995,-17.795970513137785,-33.05167033124669,-33.27829237043954,-33.09269710321559,-29.170139045468172,-46.0
1.683815969758651,12.25,20.16714089395778,0.07708709044554828,0.0,48.56356141629723,3.3494300301145534,11.118481000117903,0.008011492000000004,-34.3705258714034,-33.91895536291781,-17.94405865189566,-33.32801032146508,-33.55983853635174,-33.37438727620175,-29.414907740462823,-46.0
1.6998107487044856,12.125,19.96219939620314,0.07685690258403216,0.0,49.024872773135996,3.315316141521092,11.053375868859387,0.008011492000000004,-34.65730252222352,-34.20184336829615,-18.093994294494877,-33.609115244088756,-33.84365589622078,-33.65831843085904,-29.661300429947033,-46.0
1.7159627899657153,12.0,19.7574169184626,0.0766233303655204,0.0,49.49071979078884,3.281215509826284,10.98858607942789,0.008011492000000004,-34.946247682770235,-34.486836976004156,-18.245721991683805,-33.89271122123691,-34.12949640526755,-33.94434384620131,-29.909332105080207,-46.0
1.732275728171339,11.875,19.552787381789692,0.07638825787104743,0.0,49.9612072969399,3.2471276617549387,10.92344723009463,0.008011492000000004,-35.23738889875193,-34.77399453102788,-18.400997936910528,-34.18652159421933,-34.41748052715152,-34.23252847451312,-30.159030678733963,-46.0
1.748752736970615,11.75,19.348310185361328,0.07615820148834535,0.0,50.436426823985485,3.213052458604907,10.8606562235998,0.008011492000000004,-35.530763255093575,-35.06344634917809,-18.556352569841582,-34.474326912050365,-34.70726214350141,-34.52263054302607,-30.410406944173282,-46.0
1.7653976994379128,11.625,19.143983981406137,0.07592421050629175,0.0,50.91649036511489,3.17898998756505,10.79445816509175,0.008011492000000004,-35.826430547256535,-35.35510733260034,-18.71355062836233,-34.765095247360776,-34.999642841184055,-34.81517306184023,-30.663509701819553,-46.0
1.7822145519860926,11.5,18.939805306364413,0.07568612075688999,0.0,51.401511451872615,3.1449398558687323,10.727478063826535,0.008011492000000004,-36.124423076882636,-35.64902952795276,-18.872436910790693,-35.05458862319441,-35.294323313688366,-35.11003719686246,-30.918368653196136,-46.0
1.7992071057942962,11.375,18.735775166695124,0.07544043529122595,0.0,51.89160000389099,3.110902187830989,10.658352307226185,0.008011492000000004,-36.42480204371759,-35.94521208884896,-19.033286809176694,-35.34924951634804,-35.59151831004903,-35.40738081804941,-31.17501740386623,-46.0
1.816379431693411,11.25,18.5318882862244,0.07519218367379854,0.0,52.386873429514736,3.07687645985814,10.589623784414153,0.008011492000000004,-36.72759889695229,-36.24376852336965,-19.196054062731378,-35.64662744370659,-35.89098668851513,-35.70706514118861,-31.43347935893238,-46.0
1.8337358188404291,11.125,18.328141245364396,0.07494149257556569,0.0,52.8874554339128,3.0428624223096845,10.520346801155393,0.008011492000000004,-37.03285340743892,-36.54474690832558,-19.36259357805759,-35.95469071308749,-36.19285638871117,-36.009163660021414,-31.693786542054603,-46.0
1.8512802359076659,11.0,18.1245318762982,0.07469623828041001,0.0,53.39346047903659,3.0088597970939612,10.453617319020328,0.008011492000000004,-37.34060684074882,-36.84829635080095,-19.529250096123643,-36.25675183974449,-36.49678987500398,-36.31344093035766,-31.955952984217024,-46.0
1.8690174977902996,10.875,17.921058187095383,0.07444618270668722,0.0,53.90502743306524,2.9748686274349145,10.383119057912081,0.008011492000000004,-37.65092618346813,-37.15432662799415,-19.69769891035908,-36.558269492132,-36.80360650913161,-36.62044278202315,-32.220037072919055,-46.0
1.8869522987376468,10.75,17.71772033964499,0.07418636835513083,0.0,54.422291684585794,2.940888867264058,10.309979029322545,0.008011492000000004,-37.963873531680974,-37.46284007175572,-19.86824430602356,-36.86524375691353,-37.11318298706,-36.93017847125506,-32.486080580059166,-46.0
1.9050893798498685,10.625,17.514513864058213,0.073922671712983,0.0,54.945389973427886,2.9069200398168,10.237375569255914,0.008011492000000004,-38.27948856348041,-37.77396934260099,-20.0408347305579,-37.17522613631756,-37.42528332718155,-37.242509639551315,-32.75410751001312,-46.0
1.923433770756457,10.5,17.311435370486763,0.07365572693925776,0.0,55.47446736100271,2.8729619058573865,10.164136395460865,0.008011492000000004,-38.59782259161656,-38.08777430759352,-20.21548982565992,-37.48815093362466,-37.7400407965319,-37.557513251382076,-33.02415414538517,-46.0
1.9419906277953722,10.375,17.108482625328833,0.07338531756928027,0.0,56.0096725631674,2.839014281052396,10.090123802762438,0.008011492000000004,-38.918933394323545,-38.4043100172309,-20.392235539478488,-37.80399703596649,-38.057520200128515,-37.87524580740613,-33.296258141262,-46.0
1.9607654040526639,10.25,16.905652076815755,0.07311136239756416,0.0,56.55116285440089,2.8050768685194925,10.01529431833234,0.008011492000000004,-39.24287483919227,-38.72363494885286,-20.573053043883625,-38.131078057262556,-38.377785977450664,-38.19576965652638,-33.57045965495895,-46.0
1.9797632754750394,10.125,16.70294045686283,0.07284347499335678,0.0,57.0990875161035,2.7711492791499124,9.943467325753561,0.008011492000000004,-39.569693883326465,-39.04592663816851,-20.754067390782097,-38.452175832579215,-38.70051028982953,-38.51886060995908,-33.84677555218042,-46.0
1.9989903611361532,10.0,16.500346583936484,0.07256905127769654,0.0,57.653623030749884,2.737231651772601,9.867113588787419,0.008011492000000004,-39.899480947501075,-39.37108190771713,-20.937265846760823,-38.77689727806017,-39.02652554872506,-38.8450886173773,-34.12527889451991,-46.0
2.018452666616737,9.875,16.29786851203524,0.0722877472508715,0.0,58.214942607523184,2.7033236949766373,9.789678200153116,0.008011492000000004,-40.23229747001966,-39.699179080946834,-21.122677236816987,-39.10469055415168,-39.355534441612356,-39.17433947896626,-34.40601093518797,-46.0
2.038156441793007,9.75,16.095502757244528,0.07200058578488358,0.0,58.783226501423336,2.669425112127394,9.711323092618617,0.008011492000000004,-40.568208019182094,-40.030299863102414,-21.310137418530115,-39.431464491516074,-39.68759934274819,-39.5066652615463,-34.68901441295779,-46.0
2.058108273339442,9.625,15.893247923036522,0.07170254686348765,0.0,59.35866468117394,2.6355358438929772,9.629971664272176,0.008011492000000004,-40.90729677703919,-40.36445787928102,-21.499971885941587,-39.76448541183836,-40.02297472300734,-39.84226396317372,-34.974346398890695,-46.0
2.0783149208492033,9.5,15.69109859042072,0.07139940566444193,0.0,59.94145210271053,2.6016553281014003,9.549067149019075,0.008011492000000004,-41.249612858760344,-40.70180452331098,-21.692141675594723,-40.1010386804697,-40.36142530024237,-40.181004215001565,-35.26204152154886,-46.0
2.098783405317731,9.375,15.489051683680026,0.07109136630154422,0.0,60.53179126116877,2.5677833521571474,9.467269873892452,0.008011492000000004,-41.59523132808059,-41.04241215924057,-21.886676996460707,-40.44109734590999,-40.703114326065446,-40.5229920690816,-35.552148121721274,-46.0
2.119521057644569,9.25,15.287104008271319,0.07077841128802169,0.0,61.129893589743645,2.533919646879183,9.384548067860015,0.008011492000000004,-41.9442289750165,-41.38635857914292,-22.08361528650869,-40.78466668702568,-41.04813189319315,-40.86831172065639,-35.84471679026759,-46.0
2.1405353933910636,9.125,15.08525359478763,0.07046013210196318,0.0,61.73597584752972,2.500064046952281,9.300768058347257,0.008011492000000004,-42.29669466036549,-41.73372040863231,-22.282995653503725,-41.13178039632336,-41.39656287096728,-41.217047912781275,-36.139799629518016,-46.0
2.161834497924258,9.0,14.883495808041424,0.0701364157806269,0.0,62.35027122759919,2.4662161633841553,9.21589248880358,0.008011492000000004,-42.6527036686565,-42.0845830650334,-22.484861220963506,-41.48249533205294,-41.74849857903836,-41.56929250696972,-36.437453369825434,-46.0
2.1834267174909052,8.875,14.68182736180785,0.06980658730287236,0.0,62.97302044715278,2.4323757177018437,9.129864607622157,0.008011492000000004,-43.012339886041076,-42.43902773475389,-22.68925627227739,-41.83687475753816,-42.10402641632442,-41.925134756777446,-36.73773528106391,-46.0
2.205320614673843,8.75,14.480245963068445,0.06947014342235455,0.0,63.60447046282051,2.3985425148149893,9.042609231863388,0.008011492000000004,-43.37570170924346,-42.79714066643086,-22.896225898160914,-42.19499117547344,-42.46323550834859,-42.2846643982986,-37.0407035306845,-46.0
2.2275254283569845,8.625,14.278746254412358,0.06912716645611451,0.0,64.24488773668283,2.3647161018544085,8.95420338870421,0.008011492000000004,-43.74286969700236,-43.159020608016135,-23.105819526057537,-42.55693331906517,-42.826225841984595,-42.647980994954295,-37.346420683830914,-46.0
2.250050667976694,8.5,14.077324970252388,0.06877663682318606,0.0,64.8945465339238,2.330896205455245,8.864447467045265,0.008011492000000004,-44.113939852103556,-43.524755150079216,-23.31808745036723,-42.922784760048,-43.19308955319937,-43.015178778851634,-37.65495056070071,-46.0
2.272906105217395,8.375,13.87597969290413,0.0684182073320245,0.0,65.55372868332118,2.297082615873015,8.773385828299475,0.008011492000000004,-44.48902344523381,-43.89444408425223,-23.533080798863423,-43.29263922275011,-43.56392593023262,-43.3863564045074,-37.96635713316033,-46.0
2.2961021192314996,8.25,13.674706358036417,0.06805168913065042,0.0,66.22273353386237,2.263274990764391,8.680958046528234,0.008011492000000004,-44.868225513437466,-44.26819580733843,-23.75085424831709,-43.66660066583973,-43.93884291296261,-43.761621024715765,-38.280709119180756,-46.0
2.3196495648608497,8.125,13.473501204373907,0.06767662322504228,0.0,66.90187415407026,2.2294730109333063,8.587125839440493,0.008011492000000004,-45.251655439264795,-44.64612023139526,-23.97146472691604,-44.044776681058764,-44.31795119998796,-44.14108340271939,-38.59807765570114,-46.0
2.343559793464787,8.0,13.272360451458955,0.06729261872711811,0.0,67.59147793271327,2.1956763558008663,8.491844919668505,0.008011492000000004,-45.639429120032275,-45.02833277999957,-24.19497147451181,-44.427280749238186,-44.70136656405963,-44.52485921905405,-38.9185366087406,-46.0
2.3678450226480523,7.875,13.071277747451742,0.06689928099012493,0.0,68.2918972422649,2.1618844919284017,8.395069826638276,0.008011492000000004,-46.03164581315977,-45.41495453303148,-24.42143870558155,-44.81423422819678,-45.0892120846364,-44.91307222802047,-39.24216542511745,-46.0
2.3925177183456925,7.75,12.870250075442161,0.06649562612152718,0.0,69.0034916173852,2.128097160629458,8.296734432922078,0.008011492000000004,-46.4284356472011,-45.8061011808534,-24.650930527741696,-45.20575359523783,-45.48160592561356,-45.30584204610379,-39.56904256450641,-46.0
2.417590906444162,7.625,12.669274134140773,0.06608127996122376,0.0,69.72663674250057,2.094314080445653,8.196800935133872,0.008011492000000004,-46.82994018531397,-46.201903567660594,-24.883513555084665,-45.60196749540999,-45.8786775379916,-45.70329717658258,-39.89924974250033,-46.0
2.443078467288293,7.5,12.468345029591486,0.06565586314843934,0.0,70.46173294578874,2.060534838074842,8.095221740532425,0.008011492000000004,-47.23629245000683,-46.602501633413084,-25.119504366699257,-46.00783703819902,-46.28056863232579,-46.105579910023735,-40.23287433383162,-46.0
2.468994986262028,7.375,12.267454126806957,0.06522783393039652,0.0,71.20920088972207,2.026758625843481,7.995079192971628,0.008011492000000004,-47.64758347456214,-47.00812207957733,-25.358620586217857,-46.415047522575975,-46.68723170529547,-46.512688007301165,-40.56998165679695,-46.0
2.4953556776004455,7.25,12.066601656824822,0.06478658865285233,0.0,71.969479373702,1.9929856107070751,7.89088417752635,0.008011492000000004,-48.064023080713866,-47.41879472321341,-25.601029014313916,-46.82700679019026,-47.09913146119057,-46.92498778302277,-40.91069288972448,-46.0
2.522176837018616,7.125,11.865782068387725,0.06433116896906174,0.0,72.74303838849583,1.9592152555001965,7.7846665755165,0.008011492000000004,-48.485758040954664,-47.834692461471974,-25.84441234214066,-47.23484785478642,-47.516327740136504,-47.34259461276595,-41.25510867896495,-46.0
2.549476338071982,7.0,11.664993417980853,0.06384122851810838,0.0,73.53039343195076,1.92544756258711,7.669858729491432,0.008011492000000004,-48.91300321194436,-48.25581141424226,-26.09367926367704,-47.65781297611273,-47.939326056866605,-47.76594151148212,-41.60339561763912,-46.0
2.5772715899049885,6.875,11.464226021186496,0.06334056628849458,0.0,74.33204660766398,1.8916813554758505,7.559101752513641,0.008011492000000004,-49.345837578228355,-48.682588001769915,-26.346505935269043,-48.08561055448919,-48.367568139605126,-48.19467249331595,-41.95557823363721,-46.0
2.60558158893978,6.75,11.263473711964657,0.06282844258368564,0.0,75.14854579849805,1.8579163045874454,7.44650661482232,0.008011492000000004,-49.78445785113459,-49.11516146972974,-26.60327010035587,-48.52413910361504,-48.801603086194596,-48.629174217797704,-42.31177368910962,-46.0
2.6344262911828626,6.625,11.062728192811283,0.062313857155379716,0.0,75.98046656304427,1.8241516147467194,7.335618114229258,0.008011492000000004,-50.22900550565265,-49.553794525618486,-26.861170581317285,-48.95558422947838,-49.241433902863,-49.06950927336339,-42.67206654196118,-46.0
2.6638279990876086,6.5,10.861991852216308,0.061761163444591774,0.0,76.82845213463902,1.790387841394676,7.212962770237732,0.008011492000000004,-50.67981714197114,-49.998365330808696,-27.12567939467166,-49.40789011763226,-49.687919674116756,-49.51638712872065,-43.03669789430955,-46.0
2.693808513988784,6.375,10.66125061195248,0.061206596688928055,0.0,77.69313129367094,1.7566232468635143,7.097949285694388,0.008011492000000004,-51.136933598288095,-50.449463537981444,-27.394016814265353,-49.86168490601492,-50.14027247911807,-49.96930740771808,-43.405664094894526,-46.0
2.724391723164832,6.25,10.460502977746946,0.06063572446541317,0.0,78.57519298200458,1.7228580816486074,6.977888495958456,0.008011492000000004,-51.600683262010506,-50.907129415612985,-27.663844203152962,-50.312140882349496,-50.59938236166407,-50.428913856002715,-43.779151469987596,-46.0
2.755604592742184,6.125,10.259745691993738,0.06002080256627909,0.0,79.4754149397022,1.6890921803367849,6.8476613235169745,0.008011492000000004,-52.07135728080897,-51.371414314249904,-27.94072170252749,-50.78431635688772,-51.06571448811378,-50.89568443464387,-44.15740145523747,-46.0
2.7874730509656787,6.0,10.058964055467067,0.059403732371207336,0.0,80.39454497289769,1.6553237828244625,6.725937204642981,0.008011492000000004,-52.54901818670757,-51.842962369535485,-28.219170394190744,-51.24936171822991,-51.53863105250663,-51.36920206693724,-44.5404005508905,-46.0
2.820027500814991,5.875,9.858157748049974,0.05874247352451335,0.0,81.33345994521348,1.6215534840902361,6.591072423071773,0.008011492000000004,-53.03411070878798,-52.32164149212443,-28.502330723927912,-51.727115509607366,-52.019383515489324,-51.850428388508206,-44.928469368945294,-46.0
2.853298735295685,5.75,9.657317213020914,0.05805152046117912,0.0,82.29304796915342,1.5877800620625533,6.456633613702909,0.008011492000000004,-53.52680969976615,-52.807927492181705,-28.792887619207217,-52.22294054987454,-52.507609152809636,-52.339223478730986,-45.32180971391046,-46.0
2.8873184903055895,5.625,9.456428553971215,0.05736202105296587,0.0,83.27422435152715,1.5540022238310804,6.328329219498709,0.008011492000000004,-54.02730383375993,-53.30232888344088,-29.085332773299903,-52.711745589089034,-53.00339284117453,-52.83565307800515,-45.72025847905508,-46.0
2.922123856620883,5.5,9.25549368053747,0.056622717649567965,0.0,84.2780588411785,1.5202207038889624,6.185658867232228,0.008011492000000004,-54.536131635509264,-53.804723992121865,-29.3829353501047,-53.213987910974915,-53.50792110085577,-53.34070056522722,-46.12431502778023,-46.0
2.9577528502545105,5.375,9.05450079357436,0.05584856020697397,0.0,85.3056478720484,1.4864340587182028,6.043090133654512,0.008011492000000004,-55.05349108237377,-54.31566526375221,-29.68576023020728,-53.72556310471631,-54.020875376043776,-53.85426891193602,-46.53410070568171,-46.0
2.9942461451480185,5.25,8.85343923446954,0.05504420003321868,0.0,86.35816453638313,1.4526414694922491,5.898707111626149,0.008011492000000004,-55.57971989433693,-54.83553164272561,-29.99394517987508,-54.24668508205226,-54.5427444102523,-54.37676995307392,-46.94980164059594,-46.0
3.0334779806440038,5.125,8.651193596265163,0.04219004692144346,0.0,90.88416425797132,1.4188422952036794,3.625069968326848,0.032045968000000015,-56.115210769600566,-54.569697914048845,-30.13393667295052,-53.52495737671547,-54.47717967864988,-54.420530755914385,-47.429987531154815,-46.0
3.0738374339556005,5.0,8.449206453370437,0.033059802763213623,0.0,95.54025215552663,1.3849747378302437,3.0697186625133894,0.032045968000000015,-56.63839706580151,-54.477355461631134,-30.469522071325613,-53.86731306114997,-54.4464824205441,-54.416214939563744,-47.886775571561735,-46.0
3.115053309802903,4.875,8.246953589106152,0.0281476482131263,0.0,100.2951416541073,1.3510798827439965,2.760083414532981,0.032045968000000015,-57.176449117588135,-54.576486029757945,-30.82029241899913,-54.08852819224384,-54.5169094128977,-54.47669554055898,-48.32771120880154,-46.0
3.1572356105879402,4.75,8.04497803399038,0.02518424063439105,0.0,105.16152323415257,1.317208745986138,2.5437731574000106,0.032045968000000015,-57.73254181156466,-54.80801627828362,-31.171653499689356,-54.35553162677583,-54.70154837079217,-54.64033376076958,-48.76319032573224,-46.0
3.2005535298637247,4.625,7.8431504644977155,0.023053525646748892,0.0,110.15891599193074,1.2833512061043,2.3644073493608393,0.032045968000000015,-58.30376749622425,-55.13008813932143,-31.52339227023255,-54.67826018080236,-54.9824707321089,-54.90074588409682,-49.199643975074146,-46.0
3.245136939022633,4.5,7.641310831734175,0.021318666461754406,0.0,115.30230260358492,1.2494929038546576,2.2073786361160996,0.032045968000000015,-58.88785862768307,-55.51745202436686,-31.87698834511211,-55.05559756579629,-55.33969769814573,-55.2415875647616,-49.64030521368155,-46.0
3.292487664578626,4.375,7.433349056573364,0.019780416080280906,0.0,120.76494201298378,1.215133935024025,2.064626506156348,0.032045968000000015,-59.31568057642383,-55.95183155098644,-32.24198193638884,-55.48547470285592,-55.75723038590458,-55.64883635060367,-50.090214575530744,-46.0
3.3402695562319487,4.25,7.22413094710759,0.024258502478076788,0.0,126.27732310823049,1.1806292727829586,2.530160613020226,0.032045968000000015,-59.73453158999067,-56.71439350673069,-32.73937401156664,-56.32812294243125,-56.44909631130442,-56.29717842686087,-50.524409830267,-46.0
3.3892903405004806,4.125,7.014486388538194,0.02914786435486988,0.0,131.93262965064588,1.1461129783213209,2.91100662919444,0.032045968000000015,-60.164625688893466,-57.45892044095794,-33.15506158962109,-57.05188388533739,-57.16801803258098,-57.003279928668434,-50.96151617897309,-46.0
3.4397471380312603,4.0,6.805108256498671,0.03344824896701209,0.0,137.75360255923974,1.111624952975666,3.199561668782749,0.032045968000000015,-60.60659871928638,-58.156047369832805,-33.548286422801674,-57.73691821871994,-57.86981438321522,-57.70703557766093,-51.40351922502752,-46.0
3.4918486977267196,3.875,6.595923256688578,0.036729537016831834,0.0,143.7643242523425,1.0771594424138151,3.3382548655934183,0.032045968000000015,-61.06114590518811,-58.82878028758316,-33.926677338750146,-58.39815955419177,-58.55401179174231,-58.396998665481355,-51.85314723631939,-46.0
3.5457329401039615,3.75,6.387014515817516,0.0388880503573497,0.0,149.98070599727376,1.0427196657992324,3.3621837565842885,0.032045968000000015,-61.52903008649224,-59.488942635153364,-34.29701624110685,-59.04459010526908,-59.225933449032894,-59.074756538142225,-52.31126119217486,-46.0
3.601529980240495,3.625,6.178263268968548,0.040220965150875025,0.0,156.4177585830301,1.0082932089454357,3.3344946746018946,0.032045968000000015,-62.0110885786348,-60.15253517645613,-34.67337905551586,-59.70104747291106,-59.898572631899945,-59.75141704659461,-52.77746113981237,-46.0
3.6594462137168855,3.5,5.969654454934097,0.04046720623631564,0.0,163.09929293582385,0.9738812061148933,3.2075899298068156,0.032045968000000015,-62.508242516515764,-60.80887580207545,-35.04595012332076,-60.34607375423043,-60.56442490463606,-60.421980470917816,-53.25354241621782,-46.0
3.719705520449963,3.375,5.761139889703702,0.039549541343943916,0.0,170.05113707079724,0.9394786560982712,3.006692091707783,0.032045968000000015,-63.02150834221462,-61.45503040004587,-35.41926946351495,-60.98741268027888,-61.22107453345026,-61.083866473538166,-53.740255773464675,-46.0
3.7825418333324965,3.25,5.552846595880039,0.037284742161708684,0.0,177.3002787695352,0.9050963489584194,2.7322017490523445,0.032045968000000015,-63.55201409446755,-62.07709463362124,-35.788555526843304,-61.59312247547009,-61.85584877767475,-61.72553967456051,-54.23812540397188,-46.0
3.8481826190885426,3.125,5.3445705276996796,0.034254187110083024,0.0,184.8729598409344,0.8707144391431425,2.459255203882414,0.032045968000000015,-64.10101332925512,-62.68455978971596,-36.17123245470066,-62.203266125009044,-62.47566859380071,-62.3516094968884,-54.74440734429353,-46.0
3.9169608044900635,3.0,5.136514585862403,0.030112700949786835,0.0,192.80758854344512,0.8363524691098513,2.1411212840628475,0.032045968000000015,-64.66990751427198,-63.233240564666744,-36.5502880321405,-62.74690930440945,-63.042291265079136,-62.92862235570094,-55.25940810235595,-46.0
3.9890912729621677,2.875,4.9284889318233205,0.025858528710468648,0.0,201.12895500758054,0.8019899050024726,1.8637097825068751,0.032045968000000015,-65.26026855820044,-63.73345438694932,-36.94912272739433,-63.26685711322011,-63.560607585848025,-63.45699490441839,-55.777140268820695,-46.0
4.064965223835202,2.75,4.720510488255695,0.02147003151913026,0.0,209.8821901337395,0.767630151241177,1.5979675151702661,0.032045968000000015,-65.87386759072481,-64.13069210039893,-37.35027299389817,-63.67761219035957,-63.98251382171168,-63.89345919509413,-56.29587815732295,-46.0
4.145012570903578,2.625,4.512458314824131,0.017226412368616804,0.0,219.11689113523656,0.7332615105399594,1.3586794253900563,0.032045968000000015,-66.51271032091867,-64.3687766818004,-37.76255826478522,-63.942163369196685,-64.25542507118818,-64.18603213037228,-56.81163686570514,-46.0
4.229639499158485,2.5,4.304644309308525,0.01316400892294669,0.0,228.87991774049874,0.6989082213059059,1.142495935296706,0.032045968000000015,-67.1790873144119,-64.28942721459035,-38.18256202150697,-63.89429654574637,-64.2395599651494,-64.20332589527223,-57.31803889502802,-46.0
4.319072790415721,2.375,4.096640465029829,0.010345436904172875,0.0,239.19743274364941,0.6645357759648394,0.9885164070420639,0.032045968000000015,-67.87562429785658,-64.07860304047426,-38.62974892031053,-63.7252810759375,-64.07515671581878,-64.0576457521604,-57.81167920074452,-46.0
4.414076641234647,2.25,3.8885999982872868,0.00782664916668304,0.0,250.15759805124173,0.6301561502772601,0.8569402978862335,0.032045968000000015,-68.60535052614452,-63.50255968078625,-39.064240335170595,-62.73987032570137,-63.85765413362675,-63.845345131765356,-58.29263760413721,-46.0
4.515557337674499,2.125,3.6806456570555763,0.005159505403806242,0.0,261.86496779386687,0.5957747528727305,0.7342414481795193,0.032045968000000015,-69.37179653009915,-62.21353306590876,-39.504901960696145,-61.82404802886794,-63.48441696675765,-63.48192452019278,-58.75213718142962,-46.0
4.624006073025475,2.0,3.4722738112716987,0.003371449879732139,0.0,274.37620872357917,0.5613589476780844,0.6457096934068361,0.032045968000000015,-70.17910062563942,-60.81237040977274,-39.976509087584716,-60.97689612690188,-62.93561243533439,-62.943374568207226,-59.192338837629045,-46.0
4.740484998311885,1.875,3.2636901886879315,0.0018047637259733427,0.0,287.8138564082288,0.5269221664313652,0.5734994316984231,0.032045968000000015,-71.0321624476787,-58.41147050513129,-40.46358011041018,-59.94669214431908,-62.02751886832396,-62.05789782949743,-59.60651654345094,-46.0
4.865842197499953,1.75,3.0544964877398466,0.0009669135451437619,0.0,302.27575046573054,0.4924429095538164,0.5232433561255926,0.032045968000000015,-71.93685021525795,-55.92810880417235,-40.97845029949338,-58.79429479470891,-60.779491471891774,-60.83046963960324,-59.987534987435986,-46.0
5.006456046242853,1.625,2.844891457254454,0.0004140397181823257,0.0,318.4977352955491,0.439968460934745,0.4838110160608635,0.032045968000000015,-72.90027630101946,-51.738492449795416,-41.526690891651484,-57.009833551989445,-58.72849952952983,-58.82293949168705,-60.285058388863234,-46.0
5.1696384639911095,1.5,2.634258384789549,0.0006599998341786085,0.0,337.3233540299128,0.37903085096031125,0.46635672699628505,0.032045968000000015,-73.93117735481624,-47.10965374468648,-42.133092070096644,-54.3871753557748,-55.622260933097316,-55.763213890888444,-60.462865539245115,-46.0
5.365163524283534,1.375,2.4226007534710337,0.0027145451540391686,0.0,359.88019740109746,0.31530173740355566,0.46366517390325446,0.032045968000000015,-75.04045671508845,-37.73806554064075,-42.80655234792148,-48.71990265734853,-50.40394611808656,-50.359862114955135,-60.30167395613881,-46.0
5.619750214991052,1.25,2.2028349055314287,0.010775807260214218,0.0,389.25071439819806,0.24628761076233355,0.5353622747719732,0.032045968000000015,-75.53303553683668,-28.43783983681797,-43.54354162204925,-38.17615094583366,-49.133749614780484,-49.08979368822867,-59.74028164021427,-46.0
6.01451280482276,1.125,1.9713843772408042,0.023236855462092053,0.0,434.7926919550367,0.1663207975926675,0.6030551274005643,0.032045968000000015,-74.7701041220588,-17.802372252851,-44.20809535808918,-23.363937925414955,-47.9299150634656,-47.88968403529198,-57.63336047173003,-46.0
