0.0,27.0,44.4306348919472,31.599264549024554,0.0,-9.538912712494607,-9.538912712494607,-9.538912712494607,-9.538912712494607,-9.538912712494607,-9.538912712494607,-9.538912712494607,-46.0
0.049317802387197296,26.875,44.435766788226715,28.442150796275545,0.0,-9.702241423891849,-9.699012694165333,-9.542126412932705,-9.64607739727973,-9.646584172242218,-9.630801501171891,-9.630570082991794,-46.0
0.0984831298176502,26.75,44.43674173047702,25.30850036689285,0.0,-9.866154515106075,-9.859667792218886,-9.549828004420139,-9.78583239012847,-9.786740619910084,-9.762192933357753,-9.761427126440664,-46.0
0.14748405820196214,26.625,44.433528257233114,22.199158821058887,0.0,-10.030632468141391,-10.020926091108208,-9.562604727398046,-9.93797962016235,-9.939146154972276,-9.91052949232186,-9.909216448300688,-46.0
0.1963071760667551,26.5,44.42611809137578,19.114747409571436,0.0,-10.195669404023306,-10.182783873679853,-9.58091192551785,-10.095673179288307,-10.096948119735568,-10.066416633548732,-10.064513893865485,-46.0
0.2449485553976725,26.375,44.41452906983139,16.055657562557194,0.0,-10.361278187642029,-10.345253015961475,-9.604981445484563,-10.255987660183745,-10.257360567239285,-10.2258435751029,-10.223339124989707,-46.0
0.29340403155576306,26.25,44.39878239320094,13.02226586963869,0.0,-10.527476176424443,-10.508335813450174,-9.635208719307261,-10.417850571119963,-10.419235199944879,-10.387124522813714,-10.38400278867095,-46.0
0.3416561052671456,26.125,44.37889995876349,10.014677168484242,0.0,-10.694238892309215,-10.672038530295026,-9.671801174658297,-10.580631044487129,-10.582082448860191,-10.549530033816112,-10.545790251900383,-46.0
0.389713234869344,26.0,44.35491328242906,7.033165934072685,0.0,-10.861589324380247,-10.836385960935104,-9.715300849900624,-10.744235601773045,-10.74577730927492,-10.71284585497685,-10.708412135282533,-46.0
0.4375821099289826,25.875,44.326847406104655,4.077989938946448,0.0,-11.029533461859103,-11.00140340654076,-9.766985972853833,-10.908756517257714,-10.910365621388419,-10.877062635470097,-10.871758032298263,-46.0
0.48523335315970645,25.75,44.2947283473683,1.1494266917485085,0.0,-11.198082262864204,-11.167152600570375,-9.829515789872788,-11.074550064762903,-11.076355182004676,-11.042587535249517,-11.03580520157772,-46.0
0.508472843020878,25.625,44.13733949804493,0.0,0.0,-11.367220471855717,-11.334192304882322,-9.893863034008431,-11.035211465464934,-11.041038115157898,-11.03526109184767,-11.140568673206888,-46.0
0.5153830581331352,25.5,43.897971868376196,0.03380059495516181,0.0,-11.536977444723163,-11.53702753437716,-9.953752696647422,-11.12488219216954,-11.127352796713666,-11.08689468615659,-11.162418351798916,-46.0
0.5224259962892362,25.375,43.65952278425376,0.05982551494370082,0.0,-11.70734322043677,-11.705451214908237,-9.956861672910941,-11.353189446793474,-11.363683670995824,-11.238667955987738,-11.193965806732917,-46.0
0.5296074292326951,25.25,43.42200190517802,0.07779244928175366,0.0,-11.878327827130022,-11.874280309513608,-9.96378963252622,-11.500886565300961,-11.519181013493052,-11.366788959882662,-11.235486485397248,-46.0
0.5369104855970681,25.125,43.18531781491481,0.08917377932411574,0.0,-12.049982279658082,-12.04409774807965,-9.972946264539358,-11.648315832331622,-11.673429217891114,-11.504358748635788,-11.286687614607798,-46.0
0.5443007622311269,25.0,42.94926060920522,0.0961657628379521,0.0,-12.222192999090396,-12.214806414028885,-9.984103388087773,-11.800798185985855,-11.830639759037085,-11.649875751464013,-11.346851387310396,-46.0
0.5517651464757659,24.875,42.71378134543954,0.10012618288297588,0.0,-12.395076701774883,-12.386364729296531,-9.996990155267554,-11.957877649507731,-11.991128068931207,-11.80169655739638,-11.415209855522178,-46.0
0.5592960860309012,24.75,42.47784031471294,0.10274919499927407,0.0,-12.56643605709047,-12.558832851369232,-10.011122888705623,-12.117778506732904,-12.154757306187296,-11.95869423185884,-11.491040355367936,-46.0
0.5668378265200688,24.625,42.24412480503589,0.10360026775343499,0.0,-12.742648407840932,-12.732017223128025,-10.026929830140588,-12.28253872010897,-12.320557769020397,-12.119185102044359,-11.573349581381333,-46.0
0.5744330159479117,24.5,42.00990373840454,0.10428464066293572,0.0,-12.91744179771814,-12.90608914365572,-10.043642349459367,-12.447393901122414,-12.488638590129614,-12.283162806006322,-11.661976684026273,-46.0
0.5820626996209816,24.375,41.776051943925395,0.10459266554816538,0.0,-13.092888935095232,-13.080929852169561,-10.061675869734778,-12.614930007334697,-12.658771753445894,-12.449961936893802,-11.75629052372367,-46.0
0.5897256094654838,24.25,41.54255569978503,0.10468473322744629,0.0,-13.268992939487248,-13.256521005310447,-10.080831266689453,-12.783756792830815,-12.830561603590937,-12.61908906022333,-11.855867258016172,-46.0
0.597421036058497,24.125,41.30940859926312,0.10465280623122425,0.0,-13.445763560969795,-13.432893534430832,-10.101119145517513,-12.953924033062966,-13.003891322937706,-12.79025906865731,-11.96033721657017,-46.0
0.6051482963211164,24.0,41.07660423247066,0.10455044819651944,0.0,-13.623204194432105,-13.609926306184263,-10.122494066791576,-13.124175319671233,-13.17854509488493,-12.963177550361149,-12.069370408118239,-46.0
0.6129071639122678,23.875,40.844139697743515,0.10440763599706715,0.0,-13.801323104215726,-13.787700342518406,-10.145039770335343,-13.296363107339848,-13.354506701814302,-13.137700068330698,-12.182670089702901,-46.0
0.6206981094540942,23.75,40.6120128409367,0.10424145477197426,0.0,-13.980128417667345,-13.966242478898607,-10.169074156098612,-13.472267132948984,-13.531595484486864,-13.31362709858249,-12.299970870544193,-46.0
0.6285217965215265,23.625,40.38021227549657,0.10406491150580005,0.0,-14.159603715822925,-14.145469072933338,-10.193889256924528,-13.645455338263524,-13.709552972092562,-13.49072064279753,-12.421031884626967,-46.0
0.6363774198086406,23.5,40.148756838849465,0.10387541818505312,0.0,-14.339808396012018,-14.325414152481585,-10.219898780154324,-13.820613049514018,-13.88868856813662,-13.669068532214586,-12.545620336169465,-46.0
0.6442658145806387,23.375,39.91762043153079,0.10368718171861302,0.0,-14.520687866624371,-14.506063149232489,-10.247081878845249,-13.9968469447884,-14.068728673577622,-13.848483754172078,-12.673537853454215,-46.0
0.6521869866241742,23.25,39.68682511513051,0.10349180266874096,0.0,-14.70231005961017,-14.687429357264989,-10.275832674631818,-14.177017227344091,-14.249650422231554,-14.028902042506738,-12.804589867084752,-46.0
0.6601421880230167,23.125,39.456349667675,0.1032985344858549,0.0,-14.884631662049117,-14.869539751826437,-10.305320518310372,-14.3537005769698,-14.431254501923119,-14.210173653176973,-12.938607388987988,-46.0
0.668130793591118,23.0,39.22619877899907,0.10310483959235317,0.0,-15.067676036408614,-15.052361371068741,-10.336022919000344,-14.53243420556068,-14.613920229781243,-14.392470187708374,-13.075423678069718,-46.0
0.6761539226273231,22.875,38.99636717304792,0.10291074310609076,0.0,-15.251440317460833,-15.235920956821815,-10.368358797885659,-14.715442799598435,-14.797385033646195,-14.575648989741527,-13.214893548425966,-46.0
0.684212235007816,22.75,38.766859964811694,0.10271537631377478,0.0,-15.435950019054815,-15.420227708202844,-10.401390656412758,-14.894558060141604,-14.981450526416738,-14.759569384146264,-13.356876881846407,-46.0
0.6923052128789018,22.625,38.53767320875737,0.10252065482122386,0.0,-15.621206603747567,-15.605263248123038,-10.43565528835166,-15.075763329239473,-15.166556027245283,-14.94445065356825,-13.501244907772726,-46.0
0.7004339760690463,22.5,38.30880308299224,0.10232643753746193,0.0,-15.807211379193518,-15.791087861673532,-10.471612817492366,-15.261555912938398,-15.35245208400787,-15.13017128152924,-13.647883762064144,-46.0
0.7085984839411016,22.375,38.080251480291054,0.1021319924774201,0.0,-15.99398172091935,-15.97761267389376,-10.508300026769005,-15.44455188194151,-15.538875488852836,-15.31655526904628,-13.796678423009922,-46.0
0.7167995475314008,22.25,37.85201044099598,0.10193872278289669,0.0,-16.181507521627452,-16.16493234414122,-10.546121163285935,-15.627065299174696,-15.726275970951683,-15.503842276038078,-13.94753297438074,-46.0
0.7250377244656947,22.125,37.62408296017705,0.10174556881119214,0.0,-16.36980948690649,-16.3530441511802,-10.585724227195803,-15.81546442386265,-15.914601417457753,-15.69202520430175,-14.100354867418707,-46.0
0.7333132181094798,22.0,37.39646348934612,0.1015529850544307,0.0,-16.558884154459633,-16.541896375322892,-10.62594300010785,-15.99924085850883,-16.10341889401874,-15.880849422862322,-14.255057016962654,-46.0
0.7416270750987197,21.875,37.16915600773407,0.10135962501613466,0.0,-16.748755615636583,-16.73154331304653,-10.667425279222861,-16.18533828063255,-16.293324664567457,-16.070644140024406,-14.411559356848466,-46.0
0.7499787322579388,21.75,36.94215515163784,0.10116636803505426,0.0,-16.939421194419538,-16.921986922981773,-10.710130839211889,-16.37250766520049,-16.483998262877854,-16.261241129677888,-14.569788073189043,-46.0
0.7583696297079286,21.625,36.715449628388235,0.10097693716001906,0.0,-17.130860589329984,-17.11322471461608,-10.7546564086291,-16.56481768517731,-16.675473652430245,-16.45266421789161,-14.729681126755066,-46.0
0.7667998744205937,21.5,36.48906955882423,0.10077999500083704,0.0,-17.323175755611487,-17.305296085144732,-10.79974190195923,-16.75190167635773,-16.867506052930175,-16.644754798447835,-14.891165226635833,-46.0
0.7752697334067411,21.375,36.262979701672606,0.1005888893197565,0.0,-17.51627617191778,-17.49816737301478,-10.846095461664245,-16.94146218918886,-17.06066766283598,-16.837831964048178,-15.054192051480962,-46.0
0.7837799289912183,21.25,36.03719105621648,0.10039786051590842,0.0,-17.710207483703755,-17.69186762932344,-10.894327170961033,-17.136505343174015,-17.25462445351122,-17.031738499849627,-15.21870800962331,-46.0
0.7923310753726187,21.125,35.8117029524877,0.10020668771457532,0.0,-17.904981391138563,-17.886413206589822,-10.943070525108332,-17.326071244396086,-17.449138915037555,-17.226323481705784,-15.384664427871494,-46.0
0.8009236695177675,21.0,35.58650994523975,0.10001618297285836,0.0,-18.100594964413062,-18.081795823711218,-10.993097017358874,-17.51817912235168,-17.644825890468635,-17.42193188127979,-15.552015916882443,-46.0
0.8095581253667601,20.875,35.361612143819926,0.0998261864592989,0.0,-18.297062492922436,-18.27802151881454,-11.045055970541519,-17.71603779601846,-17.841326937604116,-17.61839052042906,-15.720721833825701,-46.0
0.8182351665663105,20.75,35.13700855249273,0.09963596704683221,0.0,-18.494394939328316,-18.47512846254847,-11.0975770066703,-17.910046644682964,-18.03840190576414,-17.81554658338098,-15.890746190493632,-46.0
0.8269559603422019,20.625,34.912695187287326,0.09944574284732688,0.0,-18.692593963485592,-18.673098460044713,-11.15125365689821,-18.103349693998236,-18.236575591708664,-18.013694576798578,-16.06205570784136,-46.0
0.8357197478655394,20.5,34.68867391601292,0.09925537808042399,0.0,-18.89168023140786,-18.87192886683667,-11.206215383044901,-18.299105031824936,-18.43575510917908,-18.21280216879238,-16.2346148284333,-46.0
0.8445275562448464,20.375,34.46494348986048,0.0990655166614766,0.0,-19.091664809091725,-19.071652396155173,-11.263081552003177,-18.49892436182624,-18.635773067481583,-18.41279007021103,-16.408394582326462,-46.0
0.8533810002403371,20.25,34.24149284656934,0.09887855396374634,0.0,-19.292526453596054,-19.272282212307886,-11.32051178887215,-18.696018636098046,-18.836507777588796,-18.613582903398026,-16.583376863501524,-46.0
0.8622795496778138,20.125,34.01832634325633,0.09869096635978884,0.0,-19.494293887557546,-19.473813774109743,-11.379199278413743,-18.89461292701423,-19.038325491302984,-18.81537380307322,-16.75953348434778,-46.0
0.87122384006371,20.0,33.79545930872871,0.09849862667254332,0.0,-19.69703408014547,-19.67630074768681,-11.439938009363932,-19.099490768819056,-19.241081309660707,-19.018103532406922,-16.936836847481104,-46.0
0.8802152546791411,19.875,33.572861551517704,0.09831133087339279,0.0,-19.900662143617694,-19.879682765854312,-11.501047977088692,-19.297808284954282,-19.44443394154475,-19.221570799604258,-17.115279452663167,-46.0
0.8892539863155116,19.75,33.350550522980704,0.09812233859589704,0.0,-20.10525231523016,-20.083989537391517,-11.563465852747175,-19.499085868254188,-19.649101372721,-19.426178136574492,-17.294834871221443,-46.0
0.8983402757833094,19.625,33.12851558135741,0.09793433518920852,0.0,-20.310784575157413,-20.2892362303198,-11.627992533042772,-19.706929625243824,-19.854665257103374,-19.631721243293267,-17.475490440753994,-46.0
0.9074782375725101,19.5,32.90680287638385,0.09766788665715867,0.0,-20.51742349680697,-20.495452168169805,-11.692863363907193,-19.90805942806351,-20.060869579332834,-19.83806286257132,-17.657241467414654,-46.0
0.9166667253425017,19.375,32.68532235204893,0.09742985977750745,0.0,-20.724887825386844,-20.7026280243833,-11.759062646806509,-20.11221155325647,-20.268439854012975,-20.04559341708515,-17.840060627146883,-46.0
0.9259012861374072,19.25,32.464064267701374,0.09730766029307515,0.0,-20.933172120186384,-20.91079169526384,-11.827396874891416,-20.32317372273124,-20.47692554931492,-20.254049203066895,-18.023910249986088,-46.0
0.9351930832472639,19.125,32.243179078327046,0.09699365396516876,0.0,-21.142778978673732,-21.11995190459419,-11.89606671489864,-20.52713266388036,-20.686094977507775,-20.46337631559856,-18.20885284754369,-46.0
0.9445377750781683,19.0,32.02251660216581,0.09672478457136131,0.0,-21.353226962252222,-21.330065180059535,-11.966071953146367,-20.734282142613242,-20.896655815504605,-20.673918385924033,-18.394815609523835,-46.0
0.9539356907299196,18.875,31.802122529194126,0.09645954655619743,0.0,-21.564691336519616,-21.541222971410605,-12.038305751308963,-20.94849071303914,-21.108194249789324,-20.88547406103939,-18.581793541551235,-46.0
0.9633751997635075,18.75,31.58197528589539,0.09641196869250317,0.0,-21.777151294847897,-21.75350501489993,-12.11068950393944,-21.155467669068326,-21.320365806376024,-21.09771833768275,-18.769711300644264,-46.0
0.9728743916230653,18.625,31.362119545677885,0.09620855561485778,0.0,-21.990720710949006,-21.966735758395373,-12.184460973447107,-21.36570186738968,-21.53401668589003,-21.31131482065428,-18.95875740192481,-46.0
0.9824399012700059,18.5,31.142528177030638,0.09581813358869333,0.0,-22.205309120908993,-22.180918802908565,-12.260598897628224,-21.583236974691527,-21.748697831495264,-21.526076715348033,-19.148899304043212,-46.0
0.9920517668357846,18.375,30.92318831752513,0.09563582544667606,0.0,-22.420962814048863,-22.396310582702625,-12.336868020162228,-21.793255007639512,-21.964049133845162,-21.741564816873122,-19.33992179913063,-46.0
1.0017100668088375,18.25,30.704101719976588,0.09560367718162768,0.0,-22.637697012611028,-22.612779915679198,-12.414409427034897,-22.00667969830456,-22.180859256034008,-21.958256649323893,-19.531921055574934,-46.0
1.0114271136206852,18.125,30.48527712127353,0.09550174686567343,0.0,-22.855522237568948,-22.83030613130157,-12.493266509150647,-22.22155356644089,-22.398733293803364,-22.17609062829279,-19.725031877551878,-46.0
1.0212011391687799,18.0,30.266708431389556,0.09539283225875612,0.0,-23.074446326421622,-23.04892651266013,-12.57446079301789,-22.443906253828548,-22.617701779317464,-22.395046901874366,-19.919205075605184,-46.0
1.0310342768922574,17.875,30.04839715210161,0.09525537785701349,0.0,-23.294490965712555,-23.26868761805366,-12.655797182412682,-22.658430560034482,-22.837428839069553,-22.61491764624009,-20.114447870293084,-46.0
1.040927030936627,17.75,29.8303418988361,0.09510006546358034,0.0,-23.515673178863864,-23.489519689136188,-12.738501747079015,-22.8764349234887,-23.05871450387746,-22.8361585805266,-20.31073777189908,-46.0
1.0508803542702843,17.625,29.612537248179844,0.09493429321975401,0.0,-23.737993028940565,-23.71150526240379,-12.822522275548966,-23.095931109096426,-23.28110163062506,-23.058550140107556,-20.50807144435478,-46.0
1.060895566150297,17.5,29.394984033428734,0.09476157375784056,0.0,-23.961475662039987,-23.934640363360273,-12.908966438518137,-23.323204025461212,-23.50463964099226,-23.282118252614218,-20.70645093963508,-46.0
1.0709723277238496,17.375,29.177679788392545,0.0945848194316698,0.0,-24.186132917978597,-24.158983000492753,-12.995497931952814,-23.54224681348225,-23.7289653805003,-23.506617144819394,-20.90586788645848,-46.0
1.0811130069324943,17.25,28.96060800212012,0.09441052086861902,0.0,-24.411917649915267,-24.384483151057083,-13.083413667514787,-23.765027530931192,-23.954949648978374,-23.732568868692695,-21.106338778031947,-46.0
1.091316434482617,17.125,28.743809550145524,0.09422419940193719,0.0,-24.63902362862177,-24.611170647892607,-13.173804238291382,-23.99587841204213,-24.182058137463937,-23.959693546578336,-21.307840015111765,-46.0
1.1015857362963877,17.0,28.52723033674207,0.09404720977857543,0.0,-24.867245873288027,-24.839107340496668,-13.264249225122919,-24.218428848817187,-24.410002382310104,-24.187814585702483,-21.510408644030424,-46.0
1.1119203944405396,16.875,28.310915942570784,0.09386130435068434,0.0,-25.096801386035168,-25.068247365694646,-13.35608868693724,-24.44476245008311,-24.639640944467892,-24.41741800201745,-21.71402386184149,-46.0
1.1223225027896668,16.75,28.09483201840914,0.0936790429230525,0.0,-25.327566511114725,-25.298626499473727,-13.449274765189507,-24.67271309223577,-24.870474997930433,-24.64827433063453,-21.91870905564304,-46.0
1.132793169724775,16.625,27.878982805115957,0.0934989514073121,0.0,-25.559582726940477,-25.530261266774176,-13.545020923144397,-24.908957704539688,-25.102563125579564,-24.880410080611973,-22.12447381553311,-46.0
1.1433330694811465,16.5,27.663371750556873,0.09331749076202997,0.0,-25.792888928667622,-25.76322566453763,-13.640773869839451,-25.136486662925833,-25.33553941499114,-25.11358297789584,-22.331320212650883,-46.0
1.153943311674353,16.375,27.447995322864383,0.0931361782708335,0.0,-26.027494336116376,-25.99744859640731,-13.737941654245752,-25.36804133671818,-25.570300387194845,-25.348322271309705,-22.539253154371874,-46.0
1.1646249086300156,16.25,27.23285500263103,0.09295452190622168,0.0,-26.263431080617607,-26.23297960737858,-13.837735569380106,-25.608201882523463,-25.806311411030837,-25.584368874278567,-22.748284138606916,-46.0
1.1753795430821854,16.125,27.01794226051407,0.09277369092933489,0.0,-26.50068559963387,-26.469884534344146,-13.93749913827141,-25.839581204632847,-26.043251618331276,-25.821507508982542,-22.958428637251675,-46.0
1.1862151704491894,16.0,26.803268660909836,0.09249629730491818,0.0,-26.739318238678266,-26.708061015631813,-14.038768094228638,-26.07507277167836,-26.282066955893324,-26.0603485798174,-23.169729440519546,-46.0
1.1971183761310467,15.875,26.588810452745662,0.09235120464402657,0.0,-26.979290403311353,-26.94765380528804,-14.142659528134725,-26.319386328421565,-26.522139543981957,-26.300449191178938,-23.382072789209957,-46.0
1.2081127893216288,15.75,26.37410602377108,0.09234846973748494,0.0,-27.218386423721256,-27.188737496949074,-14.246715576790004,-26.557911668535258,-26.763381972880403,-26.541933550460723,-23.595807698674587,-46.0
1.2191565654950174,15.625,26.160583448534783,0.09196924784097964,0.0,-27.463470345710817,-27.431043387990485,-14.351831165271394,-26.795026600040778,-27.00595272975129,-26.784499472620908,-23.810212459487317,-46.0
1.230292684195259,15.5,25.946804116353764,0.09181838530619134,0.0,-27.707699859994676,-27.67486265476697,-14.458514602435145,-27.036271370230647,-27.25039589417219,-27.028921380667384,-24.026023688247644,-46.0
1.2415091673256768,15.375,25.733248264621704,0.09165539300922587,0.0,-27.953390501364964,-27.920103500581092,-14.567977141611737,-27.286608398766386,-27.496194066060895,-27.274778040218333,-24.243035728264562,-46.0
1.2528074581356345,15.25,25.519911156485556,0.09148688081808785,0.0,-28.20054961017354,-28.166861301273144,-14.67733497303471,-27.527709962443936,-27.74303255319771,-27.521841838727404,-24.46124643622694,-46.0
1.2641892750056036,15.125,25.306786571101373,0.09131573299922063,0.0,-28.449176054082272,-28.415064206729454,-14.788187594454945,-27.773231875851334,-27.991879974949004,-27.770691035576988,-24.680676138076112,-46.0
1.2756677422351903,15.0,25.093510731005445,0.0912615899420431,0.0,-28.697432468475256,-28.664825643319006,-14.900546593336514,-28.02081742907609,-28.242320100021317,-28.021235195852995,-24.901513472417577,-46.0
1.2872094044635343,14.875,24.88118888463909,0.09092161970928388,0.0,-28.95101719342918,-28.915975883178504,-15.015609402658425,-28.277401417192188,-28.493938107515834,-28.272911306764207,-25.123186965645736,-46.0
1.2988493047753158,14.75,24.668708656081666,0.09075905476112865,0.0,-29.204270250458706,-29.16882081459036,-15.13062704707652,-28.524552309009106,-28.746874844727568,-28.52608832792487,-25.346295797778723,-46.0
1.3105780530415554,14.625,24.456444071612694,0.09058864864655426,0.0,-29.459133683407828,-29.423204198001258,-15.24716072198659,-28.7763829912348,-29.001926519886155,-28.781145806536355,-25.570676922687614,-46.0
1.3223978775211584,14.5,24.244379871515008,0.09041784735514916,0.0,-29.71556064559215,-29.679182452677594,-15.36664459104756,-29.037888560811844,-29.258510997798822,-29.03780624233683,-25.796347027264375,-46.0
1.3343102059759904,14.375,24.032528305960547,0.09024200277179649,0.0,-29.97365068134303,-29.93682327981989,-15.485963565748209,-29.28972407866193,-29.516272562996406,-29.29581658760739,-26.02331922497128,-46.0
1.346316516630087,14.25,23.82088470284641,0.09006424395760222,0.0,-30.233414874572333,-30.19608792684957,-15.606838861083839,-29.546339107327952,-29.776239290313036,-29.555794505450642,-26.251599635558037,-46.0
1.358418894710551,14.125,23.609443606937536,0.08988602230473523,0.0,-30.49485949344455,-30.45700020082944,-15.730742754801783,-29.812879225091557,-30.03780160055568,-29.81744364051822,-26.481212376594048,-46.0
1.3706274586230147,14.0,23.398205058288926,0.08960284069588928,0.0,-30.757998769287383,-30.71962055000853,-15.85455320679352,-30.069570150863463,-30.300654467915653,-30.08060303940337,-26.712219213916878,-46.0
1.3829368393025785,13.875,23.186864746232914,0.08955781944322519,0.0,-31.021184406516255,-30.984056452524356,-15.979922848284097,-30.33139650055524,-30.565873324124272,-30.34585450283359,-26.944639504679408,-46.0
1.3953278833433829,13.75,22.976309644818727,0.08927521874343995,0.0,-31.2894838213615,-31.25010579285319,-16.108252930516375,-30.603098414843352,-30.832490860054598,-30.612524474613245,-27.178141831088325,-46.0
1.407831989791316,13.625,22.765649347800444,0.08912622590790056,0.0,-31.55786300436685,-31.5180749861739,-16.236625951214997,-30.86849293645343,-31.10062097029294,-30.880905295669482,-27.413224096183075,-46.0
1.4204417298690075,13.5,22.555189715578074,0.08896427509919508,0.0,-31.82810242405975,-31.787821862999635,-16.366379086172103,-31.13298443054827,-31.37093351980872,-31.15130541761139,-27.64975670198644,-46.0
1.4331582737687991,13.375,22.34492299214171,0.08879638636306243,0.0,-32.10019959277611,-32.05937406947038,-16.49776120183715,-31.40206922357656,-31.64329741681719,-31.423709287861012,-27.88773433555684,-46.0
1.4459849646245384,13.25,22.13484238791784,0.0886253053435693,0.0,-32.374156259590194,-32.332798485051654,-16.632368087891894,-31.681634214680688,-31.917455815360178,-31.69798744311273,-28.127193402857113,-46.0
1.4589255951693898,13.125,21.924885393214144,0.08847259835433664,0.0,-32.64963076362105,-32.60819190354266,-16.76693179033592,-31.954592592552178,-32.19307484096718,-31.973905054746773,-28.368179599332883,-46.0
1.4719750003759051,13.0,21.715253597805088,0.08826544570370792,0.0,-32.92790828281923,-32.88546965258951,-16.902889269135045,-32.22652400600661,-32.47094039169315,-32.25187410902153,-28.610595415537933,-46.0
1.4851431797591466,12.875,21.50573444150923,0.08809105884774585,0.0,-33.20772929966719,-33.164703975120176,-17.04224681337452,-32.511711479173584,-32.75104682906802,-32.532039265894944,-28.854590723727814,-46.0
1.4984299481799905,12.75,21.296395895582624,0.08791489751534579,0.0,-33.489556244108485,-33.44600204236954,-17.181546278284074,-32.79037780498017,-33.032605882387685,-32.81388415524104,-29.100146584393823,-46.0
1.5118371743527266,12.625,21.087236218243902,0.08773786067301852,0.0,-33.773426110228456,-33.72931212123649,-17.32230552244849,-33.068240016030614,-33.31657500020895,-33.097967476241976,-29.347280913725598,-46.0
1.5253680094503625,12.5,20.878247231118447,0.08756251730510575,0.0,-34.059334752290795,-34.01465367432516,-17.464802631191276,-33.351124723156474,-33.602837791806635,-33.38430115711293,-29.596022123274114,-46.0
1.5390248131652189,12.375,20.66944504524171,0.08738194544401355,0.0,-34.34743825536887,-34.30210137035209,-17.610735160871894,-33.645093232459516,-33.89111250416107,-33.67272692539808,-29.846389437132807,-46.0
1.552815616778373,12.25,20.460672766752108,0.08724837796322174,0.0,-34.636734913092454,-34.59179440905757,-17.756633628719268,-33.932395341701785,-34.18111966373498,-33.96306879487663,-30.09849649844826,-46.0
1.5667279536695466,12.125,20.252339048387732,0.08701251660208534,0.0,-34.930027515832705,-34.88359533305123,-17.903986247072375,-34.21868642810293,-34.47357163045609,-34.25564208100998,-30.35212343721347,-46.0
1.580781677059277,12.0,20.0440533781271,0.08681304303023653,0.0,-35.224743239318656,-35.17760610911719,-18.055016541791385,-34.51906211752396,-34.76857614426807,-34.55074259063484,-30.607554373186424,-46.0
1.5949707758312464,11.875,19.8359220143618,0.08664549200223723,0.0,-35.52165839627543,-35.47395866906666,-18.2057827675849,-34.80891822349645,-35.06525897474024,-34.847740156701576,-30.864722966399267,-46.0
1.6093002904762115,11.75,19.62795816610687,0.08647258268637076,0.0,-35.82091481942953,-35.7724801611474,-18.358402142039058,-35.10481002472868,-35.36480160089534,-35.14737501977763,-31.123659116772924,-46.0
1.6237779531481717,11.625,19.42015692407276,0.08625483015938208,0.0,-36.12252871981039,-36.0734084406742,-18.51471845642136,-35.41246301140563,-35.666667068740544,-35.44942289571797,-31.38442283962391,-46.0
1.6384013591001718,11.5,19.212514763381474,0.08603775348873045,0.0,-36.42654618254457,-36.37689808835216,-18.670967673991253,-35.71342793644039,-35.97047922600271,-35.75356371137313,-31.646984128923005,-46.0
1.6531786687319665,11.375,19.00502979466906,0.08580501188592024,0.0,-36.733012948278116,-36.68261667072639,-18.828896445087384,-36.01355498385737,-36.27706078753782,-36.06034431940132,-31.911402059406125,-46.0
1.6681058012825136,11.25,18.797699413418684,0.08561035849586679,0.0,-37.04198720816822,-36.990901632617806,-18.99062151963961,-36.32843137646716,-36.586388647702684,-36.36977683269332,-32.17766339702714,-46.0
1.6831852222500425,11.125,18.590519458273004,0.08546842937286839,0.0,-37.35350835763688,-37.301840574333994,-19.152259507689987,-36.636707089950136,-36.897674577140286,-36.68137011990896,-32.44584596074974,-46.0
1.6984258008016437,11.0,18.383490400111917,0.08531481636340726,0.0,-37.66763478011529,-37.61533942164891,-19.31559639638235,-36.94443111551215,-37.21197834135826,-36.99581691321189,-32.71604632540484,-46.0
1.7138403544681196,10.875,18.17661134362608,0.08506249356199343,0.0,-37.98441105511742,-37.931355008643976,-19.481035403672692,-37.258143338687425,-37.52919177355146,-37.31319283926455,-32.98828699142859,-46.0
1.7294123158543229,10.75,17.969866963608574,0.08493744276578116,0.0,-38.303840974889596,-38.25016146001974,-19.650280191493323,-37.58416916363155,-37.84893851131174,-37.63311910111582,-33.26247414449377,-46.0
1.7451647043888923,10.625,17.76328199482289,0.08472575842064325,0.0,-38.6261501858331,-38.5717338090239,-19.819402848011958,-37.899135266631156,-38.17098290829448,-37.95555743023378,-33.53881179761235,-46.0
1.7610901420012586,10.5,17.55682909714593,0.08453307945940919,0.0,-38.95122157362454,-38.896089387808786,-19.990563624487056,-38.22106848884527,-38.49645886663788,-38.28114769102564,-33.81724806953518,-46.0
1.7771986056201983,10.375,17.35051312926246,0.08434719347814527,0.0,-39.27917206496602,-39.22330818879084,-20.165802961661004,-38.5557179094812,-38.824720970751606,-38.60962462420119,-34.097847764811085,-46.0
1.7934875664693102,10.25,17.144320454471014,0.08421786389383448,0.0,-39.60998164494586,-39.553580706230946,-20.34078943243117,-38.87926309386826,-39.15540067751273,-38.94065897391383,-34.38063786351095,-46.0
1.8099665758561203,10.125,16.93828101233761,0.08405259633132882,0.0,-39.943970682544006,-39.886761647134705,-20.5179491623297,-39.209988358444335,-39.48973491325182,-39.27510517412978,-34.6657146988514,-46.0
1.8266413363941287,10.0,16.732360907995716,0.08388332129914512,0.0,-40.28094738281831,-40.222988621646834,-20.699316518693035,-39.553794210891795,-39.827035802442765,-39.612622593921216,-34.953106562232406,-46.0
1.8435170889437023,9.875,16.526566691206412,0.0837204632791209,0.0,-40.621061987940294,-40.56244478526497,-20.880739822925353,-39.890943277583325,-40.166983597418,-39.95295732586216,-35.242857887810445,-46.0
1.860598117548518,9.75,16.320888561502958,0.08355461904749495,0.0,-40.9643201156326,-40.905065051388334,-21.064122311796602,-40.227673766365264,-40.51056232953289,-40.29674069965399,-35.53502376943735,-46.0
1.8778915716734317,9.625,16.115325784888316,0.08338467729467774,0.0,-41.31081166604872,-41.25090675925483,-21.249808196255515,-40.57141072315089,-40.857688403221665,-40.64403831834926,-35.82964882260396,-46.0
1.8953993491354584,9.5,15.909905873054468,0.08320118910017361,0.0,-41.66089244547186,-41.60007997696687,-21.439881100735636,-40.92858016807856,-41.20801243683511,-40.994622614802914,-36.12676062714921,-46.0
1.913132929830706,9.375,15.704580878187187,0.08302303427549382,0.0,-42.01423079598894,-41.9527789445699,-21.629874049477365,-41.27452397890716,-41.56128935059638,-41.348328231237595,-36.42645934453966,-46.0
1.9310930341501515,9.25,15.499385079301815,0.08283660015046601,0.0,-42.37125651539546,-42.30894429174026,-21.82226061211419,-41.62841348649849,-41.918744882346225,-41.705943489813635,-36.72873183478179,-46.0
1.9492897396091866,9.125,15.294287395544641,0.08265284175422974,0.0,-42.73179183292109,-42.668640028193465,-22.019242963202903,-41.99624548201443,-42.27966393924247,-42.06713895285529,-37.03367642921705,-46.0
1.9677298361757452,9.0,15.089279415032479,0.08247217225036343,0.0,-43.09586857656919,-43.03225363504046,-22.216409558362727,-42.35769262441966,-42.643857920696384,-42.43174698299093,-37.34134842147055,-46.0
1.9864177693149254,8.875,14.884402130126764,0.08227950066013591,0.0,-43.46401522347219,-43.39950212331624,-22.415781761240943,-42.71896754050909,-43.01220268645414,-42.800343480084365,-37.65178183260878,-46.0
2.005365204996802,8.75,14.679595211237741,0.08209687533652643,0.0,-43.83576081519544,-43.770552409671865,-22.620039865876546,-43.097985369375095,-43.384701598537745,-43.173069832243335,-37.965107428250285,-46.0
2.0245747536577583,8.625,14.47491279418731,0.08190181953592453,0.0,-44.21178694384025,-44.1457430498842,-22.82430206144512,-43.465918878644324,-43.760575879377065,-43.54937460002597,-38.28133893448049,-46.0
2.0440570708614714,8.5,14.27029021193725,0.08171847857484409,0.0,-44.591567698361786,-44.52478122437961,-23.031255478228815,-43.842611940892375,-44.141117393520375,-43.93013699110552,-38.60054379797244,-46.0
2.06381905322401,8.375,14.065787565228216,0.08152161030914701,0.0,-44.97587690656414,-44.908189735441965,-23.243186605796318,-44.2343637523308,-44.52582787757858,-44.31512923195514,-38.92281897760298,-46.0
2.083871718986371,8.25,13.861352656787343,0.08133065403014914,0.0,-45.3643150057259,-45.29577091100907,-23.455472503069057,-44.61986295188218,-44.91419674377545,-44.703989460951945,-39.248210194552364,-46.0
2.1042238453641455,8.125,13.656997688784752,0.08113831689458029,0.0,-45.75716708977416,-45.687962006480916,-23.670269001021406,-45.00584217730239,-45.3075744691884,-45.09762993334894,-39.576869152960626,-46.0
2.1248831245119058,8.0,13.452719209065483,0.080945227971749,0.0,-46.1545600324381,-46.084475534516656,-23.890354145066315,-45.41065693668691,-45.70567105807466,-45.49598929709434,-39.90875581593802,-46.0
2.1458611335747797,7.875,13.248512189427938,0.08075054513723537,0.0,-46.55660889693624,-46.48576305313253,-24.11090276009992,-45.80971684997795,-46.10780832800169,-45.8986108826667,-40.24402398895829,-46.0
2.1671673061537478,7.75,13.044374611617595,0.08055429022022433,0.0,-46.96347080834758,-46.89181359659713,-24.33410667675952,-46.20948318412706,-46.51517701168862,-46.306287645846204,-40.58273949679753,-46.0
2.188814096847546,7.625,12.840298666361834,0.08035786667183531,0.0,-47.37524268037018,-47.30279342764365,-24.562880889650152,-46.628851045890414,-46.92779938653143,-46.71918170251439,-40.92507024494384,-46.0
2.2108127813599276,7.5,12.636283412809359,0.0801591870352793,0.0,-47.79210961140913,-47.71889428664775,-24.792249717704944,-47.04271936591492,-47.34483647498084,-47.13672622276006,-41.27105445650142,-46.0
2.233179259774025,7.375,12.432289423893478,0.07996977167557061,0.0,-48.21378999237439,-48.140267055724536,-25.02452090374775,-47.457633083914985,-47.767622777015106,-47.559846354476335,-41.620817220278866,-46.0
2.255918836376391,7.25,12.228419493269529,0.0797432582420649,0.0,-48.64177767535247,-48.56678794244135,-25.26260739556468,-47.89278874310598,-48.19592441724503,-47.988474771805755,-41.974393422532486,-46.0
2.2790522230478407,7.125,12.024545556726759,0.07954762360162107,0.0,-49.074706836270366,-48.99919746339009,-25.501470302772336,-48.32301936275148,-48.62931595650202,-48.42237378039485,-42.332031159848206,-46.0
2.3025903532479126,7.0,11.82071335778725,0.0793476988297399,0.0,-49.513379128564736,-49.437205126559746,-25.743412578253956,-48.75457332418155,-49.068826324648114,-48.86224817536532,-42.69368455782276,-46.0
2.3265457478143716,6.875,11.616929264229354,0.07914121278032002,0.0,-49.95813379259647,-49.880968643421795,-25.991496094992268,-49.2071795878048,-49.5144452049185,-49.30821310117731,-43.05958918937993,-46.0
2.350940247690969,6.75,11.413154698501025,0.07893924811865655,0.0,-50.40871693161702,-50.33110809826519,-26.24054333342225,-49.65521503385694,-49.965665386172475,-49.75997051275261,-43.429804640032884,-46.0
2.375788109190073,6.625,11.209391438519155,0.07873762284557059,0.0,-50.86541532786174,-50.78735411658863,-26.492941971274377,-50.10489045137557,-50.42353614270467,-50.2182494918443,-43.80443636482599,-46.0
2.4011010445708427,6.5,11.005709230166838,0.07851255160142769,0.0,-51.3295106463363,-51.250169570904234,-26.751814302486395,-50.57676078825238,-50.88825154872787,-50.68330704188608,-44.1837257643044,-46.0
2.4269208565848386,6.375,10.802022675468724,0.0782078821920401,0.0,-51.80009948676809,-51.71979420067311,-27.011725666270017,-51.03859852443988,-51.35915793559884,-51.154830771118014,-44.567761400887,-46.0
2.45324090652008,6.25,10.598325254169788,0.07798525664900949,0.0,-52.277439230947834,-52.19630525683837,-27.27560678402184,-51.51308044728136,-51.83766041023167,-51.633685828417,-44.956412812401354,-46.0
2.480091697704096,6.125,10.394605051477871,0.07780372592201613,0.0,-52.76166855549508,-52.6801307600457,-27.546297906202117,-52.00671846748522,-52.32332279830117,-52.11980087197345,-45.35039280743363,-46.0
2.5074926290210175,6.0,10.190891528149566,0.07760439457489683,0.0,-53.25358023220596,-53.1716565657151,-27.818079808321244,-52.49043798875554,-52.81603400485871,-52.61307867074166,-45.74958771689326,-46.0
2.535473850853683,5.875,9.9871762552855,0.07739330962144803,0.0,-53.75344414556497,-53.67074187743094,-28.097121311141056,-52.99892315743546,-53.31723016145449,-53.11466300455553,-46.15421520213828,-46.0
2.5640541902459315,5.75,9.783468872619357,0.07716621461685297,0.0,-54.26184495593819,-54.17811466444877,-28.37776877833402,-53.504405507090276,-53.82592138482985,-53.62393733185318,-46.56445059303821,-46.0
2.5932746191806553,5.625,9.57966498459221,0.07695736377871225,0.0,-54.77750700734367,-54.693736774884115,-28.662742722088783,-54.01333008875241,-54.34346852780372,-54.1419747120031,-46.98065648817787,-46.0
2.6231523485670105,5.5,9.375876559143695,0.07672363177921118,0.0,-55.302738044984665,-55.218065187232725,-28.955444461497994,-54.54744900852633,-54.870045522841714,-54.66900761727655,-47.402913928234234,-46.0
2.6537223538712564,5.375,9.17204914390214,0.07648468974555941,0.0,-55.83714362072445,-55.75163948177553,-29.250164444052288,-55.07937941339475,-55.40512158261471,-55.20473451166869,-47.83137203384894,-46.0
2.685019653851037,5.25,8.968162413958066,0.07624467913301664,0.0,-56.3808974920976,-56.29460235356356,-29.549635670195897,-55.615539968954224,-55.950112161219764,-55.75024408126103,-48.2662401606181,-46.0
2.722693276983946,5.125,8.757251789662527,0.0,0.06030161930285029,-56.79704210386544,-56.71291201829817,-30.024350413205358,-55.6074806586075,-55.6074806586075,-55.57751861271261,-48.668164591829054,-46.0
2.7570518216994504,5.0,8.542620201964391,0.0,0.0730119870946514,-57.15619970973813,-56.71291201829817,-30.295684755249482,-55.43961187119449,-55.43961187119449,-55.42202847805423,-49.024824350957815,-46.0
2.792212386421804,4.875,8.32831800995011,0.0,0.08575256083405318,-57.522414817269635,-56.71291201829817,-30.574138218312314,-55.233310863103206,-55.233310863103206,-55.21633156428595,-49.38016725036237,-46.0
2.828216798545979,4.75,8.114510412791644,0.0,0.09834913579724497,-57.899547648066914,-56.71291201829817,-30.858503840778614,-54.985832480461205,-54.985832480461205,-54.968298890013536,-49.73476167526474,-46.0
2.8651499471954174,4.625,7.900912345677622,0.0,0.11087513329155997,-58.282518044489336,-56.71291201829817,-31.14851547260021,-54.707029604040635,-54.707029604040635,-54.68883347479124,-50.08924745432974,-46.0
2.9030148974232772,4.5,7.687883749933854,0.0,0.12322978322042452,-58.679537756279785,-56.71291201829817,-31.44127042535952,-54.407591197014135,-54.407591197014135,-54.38873575376096,-50.4438259501947,-46.0
2.9419122146018233,4.375,7.475079032532787,0.0,0.13550272293143245,-59.084111139486794,-56.71291201829817,-31.73937357165569,-54.09570736967476,-54.09570736967476,-54.07620595099908,-50.79924304144556,-46.0
2.9818832092575036,4.25,7.262633410676938,0.0,0.1476534888700558,-59.49995751481808,-56.71291201829817,-32.04254648525791,-53.77807237921092,-53.77807237921092,-53.75794471854796,-51.155791717329166,-46.0
3.02300763190237,4.125,7.050451275743625,0.0,0.15970372844048908,-59.92577612027935,-56.71291201829817,-32.34872215515498,-53.45943569367695,-53.45943569367695,-53.43870088874745,-51.51397149037666,-46.0
3.0653378865127423,4.0,6.838629772220073,0.0,0.17162319067947704,-60.364835153195315,-56.71291201829817,-32.65798020925684,-53.14346445952391,-53.14346445952391,-53.12214317799075,-51.874164469293106,-46.0
3.108956698168757,3.875,6.627139916859413,0.0,0.183414601217628,-60.8176221025127,-56.71291201829817,-32.97058987921852,-52.83266519135635,-52.83266519135635,-52.810775800604034,-52.236915434626646,-46.0
3.154002855857857,3.75,6.4156782418262015,0.0,0.19515368776588285,-61.27736814186986,-56.71291201829817,-33.28886201386112,-52.528529901791764,-52.528529901791764,-52.50608779305304,-52.60277523085083,-46.0
3.2005050190495554,3.625,6.204627450426441,0.0,0.20673421032165396,-61.75520145242467,-56.71291201829817,-33.6106807420318,-52.232811035396004,-52.232811035396004,-52.20983344486409,-52.97190481474686,-46.0
3.24861037948513,3.5,5.99375700425904,0.0,0.21821077946318715,-62.24638122912367,-56.71291201829817,-33.938299302890925,-51.94621683296024,-51.94621683296024,-51.922714410238136,-53.34502478853173,-46.0
3.2984121761164817,3.375,5.783177116835051,0.0,0.22954806681715836,-62.755542133224054,-56.71291201829817,-34.26836671542577,-51.6695934920024,-51.6695934920024,-51.645576440952425,-53.72258794541751,-46.0
3.3500674736421736,3.25,5.572769049079507,0.0,0.24077011432171216,-63.280942918439706,-56.71291201829817,-34.6047789601643,-51.40334653364618,-51.40334653364618,-51.37882237432761,-54.10524749811469,-46.0
3.4037278558447013,3.125,5.362520174801162,0.0,0.25187292253155347,-63.82395045666547,-56.71291201829817,-34.94615749302318,-51.14791147383433,-51.14791147383433,-51.122884913826745,-54.49354374334123,-46.0
3.4595226364746448,3.0,5.152558716274233,0.0,0.26281472859633975,-64.39091793453062,-56.71291201829817,-35.2927608901529,-50.903821034113186,-50.903821034113186,-50.87829583621165,-54.88808575940599,-46.0
3.5177246204609682,2.875,4.942507813543881,0.0,0.2736844914617666,-64.97142637530106,-56.71291201829817,-35.645351649025045,-50.671102270862086,-50.671102270862086,-50.6450763540443,-55.28966920738872,-46.0
3.578484943896805,2.75,4.732657588139494,0.0,0.28439933112322285,-65.57779458360392,-56.71291201829817,-36.00410391982611,-50.45034362455257,-50.45034362455257,-50.42381801907533,-55.698683844399426,-46.0
3.6420703640198537,2.625,4.522903055991532,0.0,0.294974381610242,-66.2093610156555,-56.71291201829817,-36.37104285007515,-50.241863723778664,-50.241863723778664,-50.21483317538123,-56.11602788122152,-46.0
3.7087645156745976,2.5,4.31319518416854,0.0,0.3054108470679914,-66.86756872308203,-56.71291201829817,-36.745271834608324,-50.04612223668093,-50.04612223668093,-50.01857888265354,-56.54253350942727,-46.0
3.7789151066740803,2.375,4.103519926053992,0.0,0.3156995881482179,-67.55563666201519,-56.71291201829817,-37.12627760664657,-49.86360306328232,-49.86360306328232,-49.835537321123425,-56.979093959623555,-46.0
3.8529108458510226,2.25,3.893830456871169,0.0,0.32583762455874876,-68.27596427149697,-56.71291201829817,-37.517412904039176,-49.694943974410464,-49.694943974410464,-49.666343782756734,-57.42670653023382,-46.0
3.9312028460022206,2.125,3.6840953463763713,0.0,0.33581678234183326,-69.03221184020109,-56.71291201829817,-37.918169119264874,-49.54095113599811,-49.54095113599811,-49.511800136010066,-57.886456812475245,-46.0
4.0143490899302785,2.0,3.4742511410913837,0.0,0.3456347549792935,-69.82725099450815,-56.71291201829817,-38.32955749991394,-49.402575667785975,-49.402575667785975,-49.372854306912544,-58.35955226585079,-46.0
4.103057562038405,1.875,3.264095799605719,0.0,0.3553223210401008,-70.65703344606877,-56.71291201829817,-38.753781334208504,-49.28097953880266,-49.28097953880266,-49.25066347877454,-58.84714853196859,-46.0
4.197938738912155,1.75,3.054146945896616,0.0,0.3647266156365641,-71.5586734547962,-56.71291201829817,-39.18961164612837,-49.17785378943471,-49.17785378943471,-49.14691939800498,-59.35089042572152,-46.0
4.3002085813001205,1.625,2.843730773827588,0.0,0.37397982347863645,-72.50502548815768,-56.71291201829817,-39.64037100499345,-49.09496721301746,-49.09496721301746,-49.06337463115288,-59.873063997681236,-46.0
4.411013005408572,1.5,2.632978745786311,0.0,0.38302199963601247,-73.51513562654364,-56.71291201829817,-40.108368535232955,-49.034855107928955,-49.034855107928955,-49.00256669930023,-60.41525069449822,-46.0
4.531894109106948,1.375,2.4218859695338466,0.0,0.391812829244335,-74.60459225956743,-56.71291201829817,-40.59463554876456,-49.000737641084186,-49.000737641084186,-48.967705149067356,-60.97989161337906,-46.0
4.664969190677912,1.25,2.210251518518934,0.0,0.40035130780465755,-75.7789278250672,-56.71291201829817,-41.10184033453525,-48.99680964500828,-48.99680964500828,-48.96297304947119,-61.569811277245584,-46.0
4.812938838307753,1.125,1.9980623370516617,0.0,0.40858046441650075,-77.06304912648613,-56.71291201829817,-41.63223521457759,-49.02867924989011,-49.02867924989011,-48.99396762959039,-62.1883457970393,-46.0
4.97970984630133,1.0,1.7850239663546699,0.0,0.4164926124488537,-78.46529253169004,-56.71291201829817,-42.19143919152916,-49.10419670671042,-49.10419670671042,-49.06851878095203,-62.839276717271595,-46.0
